0.715143953438
0.6923881172
0.638758028924
0.679693396
0.730835022635
0.740736161375
0.692067950794
0.6651507799
0.709548118003
0.656527174031
0.706783532103
0.645914202217
0.823057683499
0.664117686598
0.718957353537
0.63969737547
0.719554137301
0.715914710667
0.696044754929
0.604484068233
0.608559486125
0.700451007241
0.714902910627
0.707119447905
0.65269409242
0.74606725411
0.696625069056
0.657158524304
0.653423942083
0.683856455322
0.760981583378
0.749777877779
0.648256569283
0.638066638562
0.75928336491
0.625308157244
0.781518141307
0.6162610905
0.678874678768
0.884972070211
0.696681715495
0.754325663792
0.670532331066
0.676578839091
0.676145946316
0.702407023342
0.826359821124
0.731562274813
0.678829970992
0.668488581963
0.789026957311
0.813941393743
0.793380110989
0.773714126556
0.673332987573
0.640976826343
0.730088137118
0.596823420804
0.652791715788
0.697564536775
0.712020647922
0.693073259457
0.771197516627
0.666709011123
0.617206814024
0.662395715331
0.656837081604
0.684378434999
0.764178621048
0.637685771972
0.71295041892
0.719788404149
0.729936500443
0.674519076178
0.659265135046
0.749005241392
0.680722713306
0.646182927663
0.634010055796
0.676957099053
0.742048598967
0.727115751961
0.697587078443
0.7436732257
0.845534519568
0.75373787693
0.716387232423
0.745362539697
0.62811663765
0.716745310972
0.77082524289
0.67284197457
0.648733513921
0.684708856586
0.680571846768
0.784581246248
0.656368823093
0.784643276374
0.612117787138
0.758848261098
0.780617337922
0.789304269145
0.585673273034
0.812264983208
0.695459408069
0.647782152294
0.777027711671
0.821977759904
0.698527199914
0.686212898827
0.759486247584
0.681580102383
0.636499981051
0.675936063921
0.732151318037
0.747057789723
0.712652367264
0.647621540536
0.6416010394
0.658976253787
0.632877556947
0.729751235367
0.661616469089
0.669443353943
0.628707453752
0.590075624707
0.717917330366
0.705653448529
0.712283252119
0.717916897479
0.718821751817
0.612998994794
0.726244025393
0.66856634071
0.691115292051
0.700185521984
0.764796547831
0.709088154676
0.763587412687
0.677919865661
0.75817174959
0.808912749647
0.720006030277
0.669805885104
0.654922969535
0.682071747149
0.695344244702
0.771317450348
0.639659576417
0.717099034805
0.705516755223
0.684135335996
0.664135647675
0.796094266789
0.734058317921
0.541620082678
0.72023493218
0.817597574828
0.709221149098
0.687933183174
0.7008358704
0.639538904805
0.624505749748
0.71701376228
0.696875899035
0.72477286807
0.693182828497
0.692238956813
0.679266224479
0.717979637635
0.666559534555
0.683110091768
0.612049452293
0.647988004482
0.721794415972
0.604673910678
0.713735424762
0.781695991802
0.658738097439
0.566664806909
0.756245846237
0.666322636586
0.715689596205
0.681483718209
0.700480277072
0.6580563656
0.723547494363
0.743251409106
0.769658467039
0.662230788821
0.674538742385
0.697582225622
0.676563169333
0.790589439232
0.639810913683
0.678415739244
0.694833937238
0.70116681258
0.721386736454
0.780947193047
0.77506538159
0.689510852212
0.670284990277
0.638607475706
0.678057159119
0.725081386266
0.696987712524
0.633099003236
0.748340594404
0.707790525835
0.70032162211
0.664938628601
0.664213423298
0.682796075561
0.665780177061
0.707205674721
0.684192992506
0.599272264455
0.644257593137
0.714724195355
0.786467879488
0.621852264705
0.711419062327
0.713787051483
0.728984858287
0.754499903077
0.642699169025
0.652149855516
0.756597568215
0.715933515243
0.704070317214
0.676327994539
0.696386045465
0.710035013956
0.689116715979
0.6271749087
0.779452919676
0.73937769833
0.669366832061
0.784538661004
0.659871657068
0.699171767959
0.682706262917
0.598941398387
0.77018296285
0.666017711849
0.584323469698
0.655875663329
0.74239271607
0.755266735703
0.655404252909
0.740900363577
0.578744552653
0.703102679069
0.735140512038
0.734099738891
0.668801716905
0.637094623491
0.701460833673
0.75379655091
0.768790664071
0.753454227892
0.755757315231
0.67137871635
0.651417121874
0.643775781023
0.653331473473
0.721688601104
0.683539337963
0.626860272015
0.672998849574
0.662680065184
0.733999953478
0.742743433872
0.724546307124
0.637260114936
0.673739560385
0.72387831332
0.714190867469
0.664620347123
0.732120971064
0.716361447736
0.60280394274
0.637894683375
0.646190533455
0.645552916076
0.746569370681
0.800982027232
0.651471536673
0.704983676814
0.677098100119
0.68036858931
0.756864930066
0.637937396189
0.629682441031
0.727222452211
0.705750030144
0.695797153221
0.619843193676
0.666151217672
1.50925507158
1.52086176677
1.5577119924
1.51248386088
1.56746888497
1.51385069068
1.5601143771
1.52598641266
1.5079356584
1.50792667752
1.53998662709
1.52540818384
1.56474884586
1.54579145601
1.58992480933
1.56168347984
1.62537913004
1.48356207437
1.50658094691
1.5374542053
1.52499277859
1.41347770675
1.4452104762
1.48589018078
1.54285929012
1.44564790296
1.5122407098
1.47734362257
1.49565336317
1.57377699451
1.60721698213
1.54822632977
1.46313214547
1.52074002277
1.43440014113
1.47341997706
1.48946107233
1.49438026941
1.40506114048
1.57072302962
1.56076586061
1.47344573179
1.46620573992
1.64706710715
1.48272916177
1.49548736593
1.5336967273
1.5175618799
1.43336926183
1.47044556596
1.43090743824
1.57138832386
1.51874405358
1.51882493768
1.54091467128
1.57626436465
1.52242762727
1.61974586024
1.48407623188
1.53602512308
1.49001456497
1.47200819814
1.54113385719
1.50056374402
1.57762965304
1.49319747417
1.51288726158
1.45584985632
1.45002182832
1.43579729592
1.42492644544
1.51147427329
1.56608761422
1.46528911059
1.51938605803
1.55876023724
1.50927513665
1.52117001844
1.59070725099
1.50145920935
1.53913910403
1.45312533859
1.52433256784
1.64219772429
1.38464836158
1.56107967929
1.42275684984
1.44753650345
1.46576694548
1.55848382162
1.51879490128
1.51323420492
1.48723875219
1.45112743605
1.47882358202
1.54501325818
1.44961988144
1.52593969837
1.57992805109
1.55211250299
1.50303977229
1.56602203314
1.46153157139
1.4915838889
1.49366590473
1.45749431299
1.48655986677
1.54766502455
1.58040881061
1.55841168153
1.50464515185
1.54112571152
1.45726989672
1.36724272066
1.49563754927
1.48298191836
1.45399003124
1.50662461303
1.52564729516
1.50871708432
1.48683038535
1.48034098766
1.45356276539
1.52398668996
1.5575242485
1.63178753863
1.55299866468
1.51638478331
1.44787635996
1.54367796579
1.47345779218
1.52062659178
1.59411981503
1.44146633202
1.48380922828
1.54840747055
1.49092649728
1.58169356518
1.427312082
1.57467817508
1.55803079598
1.55709812753
1.50797448081
1.51288611356
1.56387766053
1.47585488509
1.48514319366
1.43725280747
1.48297633118
1.42065956731
1.50137671127
1.52553715959
1.50625083368
1.53288649493
1.47176763147
1.48079403439
1.48938885392
1.50862834925
1.48980539632
1.56139806387
1.52245463489
1.60100138133
1.54098231881
1.51460273514
1.46054262203
1.45861591807
1.47886300952
1.52903820391
1.5545883766
1.50743721062
1.58902084543
1.49822804333
1.48614492624
1.50052797822
1.43442606104
1.46342537226
1.55249668111
1.43713640479
1.45589484474
1.5375419105
1.37671249802
1.4107506706
1.45254894575
1.49897753499
1.45129126441
1.44707285323
1.49376323269
1.54713149076
1.50193370466
1.55091813401
1.47847851012
1.57675929655
1.61450935771
1.55840138466
1.54711410829
1.44325656587
1.49266018778
1.48605562904
1.46968527387
1.52175785646
1.51895206517
1.42316886857
1.52358083894
1.47095706767
1.41249090605
1.50663146018
1.49527768996
1.53590353816
1.48803320455
1.5054392892
1.53573947937
1.56601122562
1.53749714746
1.52368889111
1.40804777928
1.48475256285
1.52482457502
1.50029848604
1.59288994378
1.50706685508
1.53606108905
1.44179911415
1.49655430237
1.53089570359
1.44800456144
1.5093574196
1.51021524638
1.61802352171
1.47301322478
1.50501085833
1.41570711988
1.45532069368
1.53783429696
1.46556347856
1.48925633734
1.55908868936
1.53843698977
1.51833715043
1.56931378299
1.55409517656
1.56194393509
1.46296120693
1.5072706303
1.50851373965
1.52407949441
1.45281142
1.55713917555
1.44209347445
1.60700214392
1.48350738038
1.43733891644
1.57645133089
1.46565438044
1.52127725981
1.51721520909
1.5613488765
1.43360063654
1.44322543205
1.51038004535
1.45484786311
1.48554887724
1.50465727048
1.53374213807
1.4413960675
1.53017674993
1.51727007451
1.43897281096
1.48238925642
1.54815343915
1.49403643495
1.54368734213
1.49564202017
1.50213354419
1.48348000927
1.47776475071
1.6011285407
1.51592684946
1.49917359719
1.51798245605
1.5381247448
1.48968709717
1.48727514346
1.5440854957
1.54778792813
1.52454957324
1.52165518434
1.61992233902
1.61625447338
1.59437737526
1.41515966293
1.42689543266
1.50093758832
1.62239827321
1.47861031287
1.52328659838
1.50852591811
1.51132846648
1.54544817184
1.49478229811
1.3725715249
0.604511067309
0.551228043757
0.530279664885
0.654948099557
0.53668785555
0.563676817667
0.624880156703
0.566394008239
0.610209736465
0.569317833605
0.587924461253
0.522301445308
0.585393927939
0.572908221903
0.58081645118
0.55182182303
0.623595240977
0.632518082732
0.618486474065
0.639145690984
0.565176281054
0.590124427711
0.614743697271
0.578960110974
0.521821963701
0.563987122253
0.572561473714
0.669127752575
0.586219460292
0.617737870844
0.537487906863
0.635086928885
0.593519261352
0.463183377573
0.615562279304
0.669064963265
0.53242065061
0.706298507819
0.627583712515
0.632294069008
0.584111762126
0.51843690613
0.598770847112
0.601358691313
0.657253145029
0.564846719505
0.670432403637
0.595159206978
0.649587096111
0.475982376149
0.707454205916
0.604098999438
0.636802904165
0.588000914363
0.559563052466
0.664779446072
0.612134694905
0.588993708063
0.603933182437
0.577994671187
0.658988898441
0.585187778451
0.603248176466
0.637479809066
0.601135873205
0.623611726818
0.553065337841
0.574866753076
0.62593041147
0.559936972267
0.572032671832
0.677542938837
0.589468130381
0.635434847441
0.676669046851
0.513477728951
0.621328614233
0.575445073703
0.563568776717
0.593081378195
0.664788282319
0.620130704217
0.594522477995
0.661249753455
0.505706671061
0.666618096745
0.59747220933
0.613751591965
0.521428093933
0.486932567217
0.612964026694
0.649512049994
0.665630841324
0.600307386987
0.600126205706
0.651703947068
0.556731696388
0.582714163849
0.58065589994
0.571082305949
0.590576724737
0.592805763239
0.607932213552
0.560578774591
0.498165321885
0.592445316016
0.514859656496
0.541354757274
0.580922074797
0.568965958367
0.604955385706
0.512715886866
0.531168505102
0.671414344909
0.559068246849
0.67683693396
0.606508661912
0.538832263616
0.630166636207
0.627133964754
0.62879548577
0.5855787265
0.625577427546
0.621676424655
0.656693651388
0.668278453599
0.566391764492
0.657821433215
0.50077584342
0.605172607546
0.506711033192
0.518076829164
0.548685348972
0.620366954699
0.622463709663
0.566277539061
0.697488226392
0.583568645284
0.595597174915
0.52339754986
0.58394012523
0.577088245586
0.602399322748
0.614141522037
0.56803287113
0.62388645416
0.616583179949
0.615580149201
0.622407436311
0.610558050363
0.625145743782
0.49047790686
0.566819154571
0.627878021861
0.458732848354
0.642188544922
0.536285133679
0.700521135807
0.632601738759
0.539490593932
0.600842575443
0.656036237317
0.541080355313
0.567762906436
0.595583874356
0.609524760207
0.527513316082
0.530505824881
0.630836612758
0.557514915393
0.48900610342
0.608633479747
0.6067587424
0.614875424544
0.57580625786
0.548636625888
0.544771402131
0.648754133529
0.540139158508
0.601400174929
0.628381446085
0.651400324074
0.685168402302
0.509359216237
0.641787410567
0.592298821073
0.60349088731
0.605715347306
0.631820241902
0.547691859968
0.531379392747
0.563747492838
0.633312597204
0.633390504927
0.546946950442
0.66930541452
0.616477872227
0.653902657449
0.510132324306
0.634073138616
0.542911921908
0.540852287754
0.588297430668
0.543471579039
0.631957526966
0.647409541124
0.703333103315
0.540667390005
0.646972325476
0.591088397215
0.633291227076
0.635906557087
0.643291050195
0.570196556883
0.598996178556
0.623151489841
0.627146552265
0.595167763169
0.566616257428
0.618049721718
0.633004248696
0.549732630305
0.554100866784
0.564356597391
0.681186874477
0.636629439173
0.621361524685
0.58116778011
0.541588546034
0.681027747794
0.586505460925
0.665484877926
0.553316734375
0.576743596022
0.657927509178
0.564376996621
0.605063236714
0.519061895908
0.610786530719
0.60111851254
0.640138595405
0.627902500124
0.598282649926
0.601019058024
0.643000282849
0.550478508956
0.564575954551
0.503287133144
0.449683883194
0.648681823399
0.559617617352
0.526652126117
0.596486439491
0.665777059338
0.636564755967
0.66125039953
0.587886120342
0.577058340573
0.4987619642
0.600536114652
0.646776762566
0.590867509438
0.59700570612
0.52692577423
0.654082536972
0.585182189855
0.53997446781
0.608618717124
0.650583627163
0.577526372053
0.535280766822
0.590910628293
0.587599254576
0.542236754096
0.716489449077
0.553262931887
0.591207397473
0.642375120254
0.596032430601
0.5950722869
0.569112323662
0.526869249112
0.661965963742
0.621594043525
0.58128770289
0.600121845899
0.605556377452
0.647931930519
0.54461991605
0.631485862758
0.591221117136
0.568932062862
0.578571632623
0.560057101597
0.667216487719
0.560090647959
0.530957142353
0.540732620458
0.519669888429
0.586834244316
1.32058510833
1.25612714733
1.261861471
1.32006752178
1.25092928415
1.39803052316
1.23725901592
1.24960442023
1.33532872668
1.28397665933
1.19914711271
1.300147158
1.31708450336
1.3050828487
1.28583364367
1.36284663934
1.23995798279
1.33253229911
1.26262085174
1.30448387
1.41307384423
1.3822427735
1.34634846687
1.28719527825
1.28434662991
1.35216056688
1.20732152801
1.36629911289
1.31178018488
1.36310108803
1.19406567709
1.31401048548
1.26718619714
1.35294444912
1.34970802531
1.32263248287
1.42352016241
1.30211395311
1.32976905097
1.2583670764
1.2623233162
1.30091500849
1.30470730104
1.26503711131
1.35826195167
1.29136829427
1.29852690833
1.29311580133
1.25681406644
1.39993722772
1.22262280792
1.33447237297
1.32791542329
1.31828437359
1.31714402671
1.21180712532
1.4152814863
1.4060341555
1.34825163936
1.31711884327
1.27218477573
1.42647847935
1.22746606116
1.26841203395
1.24435472265
1.30092116078
1.36056088557
1.33222179209
1.32509587952
1.29655226703
1.30043379379
1.2098322147
1.44427821764
1.27384487219
1.32458957031
1.34419563449
1.27685074877
1.29281236629
1.24826513379
1.2068510298
1.16588905605
1.29415810657
1.32890275368
1.20644043813
1.30682169807
1.35969455086
1.3211149722
1.29217995007
1.34957732428
1.29709211805
1.32406997945
1.34112463832
1.31472180247
1.27896505203
1.328551719
1.27423266305
1.35598746946
1.27590197538
1.26772796125
1.34089140987
1.28810494445
1.35712618475
1.37117105323
1.40521086397
1.31494505559
1.25414462903
1.31722285842
1.31369735277
1.22228015172
1.32440480153
1.35445189107
1.37358007937
1.29769469094
1.26528451073
1.36186877451
1.35364523454
1.32182957045
1.24389582344
1.29462125366
1.21386670245
1.41773934197
1.29104148913
1.33383650253
1.40012000999
1.28391256761
1.25926768049
1.37196949363
1.26599378921
1.21721192432
1.25690557602
1.33451907385
1.29399671936
1.35935233106
1.22879281033
1.38257502029
1.334154791
1.272497216
1.31522536241
1.27043970982
1.28624725581
1.39768887483
1.30833266469
1.38089421349
1.33121538536
1.29419666251
1.22865974417
1.28183241059
1.2371209169
1.31097416
1.31720660238
1.32290347085
1.18246732329
1.23333764598
1.33678399742
1.37199273148
1.32912780204
1.30358611083
1.29782903343
1.35425161186
1.31449342187
1.4700438781
1.26465219921
1.33379627193
1.23594326566
1.24399574159
1.26982944699
1.3315714329
1.35929606077
1.3598376909
1.33944841946
1.32961082021
1.39491862676
1.34050883107
1.30493757114
1.27168862124
1.31134206307
1.27100949874
1.31131271014
1.2821557205
1.32066641422
1.32709398575
1.35192419692
1.30217043313
1.21851817827
1.25576760378
1.24670515787
1.27432516383
1.18766248885
1.28501519313
1.25539101773
1.36165179616
1.3002358005
1.33581373416
1.29390893926
1.33448960841
1.35065260345
1.31821023783
1.32444322341
1.27268739198
1.30997041349
1.31012094772
1.28886722444
1.26804935611
1.23069067046
1.32344271364
1.25072353477
1.34931474503
1.35926735202
1.28854768711
1.40077661912
1.26011219712
1.35356734913
1.2223325619
1.2744136846
1.32072208035
1.31369982002
1.27379583108
1.36728931283
1.33482859018
1.34836382279
1.25167702419
1.36289609414
1.2332861417
1.25938407082
1.42136304101
1.25321109212
1.26922765101
1.2991212019
1.32179441858
1.30310238883
1.26840044166
1.30778540172
1.37867354206
1.28787546533
1.35367631537
1.21580014106
1.30251544421
1.27160032334
1.2360792318
1.21114225606
1.275525812
1.34194111228
1.31417940382
1.34883115845
1.29247954355
1.29533761459
1.33156308123
1.26194133974
1.40018258342
1.28851133943
1.24428942331
1.38839932576
1.24677350584
1.26482667009
1.25499438158
1.33427275347
1.34218452952
1.2939903056
1.3299779062
1.31771684655
1.37834732736
1.30905616009
1.29681877575
1.34869391703
1.33557809476
1.33169393257
1.33207005309
1.36577997449
1.29291133224
1.36605174842
1.31503753148
1.22623033818
1.32851841781
1.30798395081
1.31638633558
1.21758337505
1.34893767529
1.3646059989
1.33346159951
1.26945301452
1.25773988658
1.30870675814
1.41378975635
1.26854100707
1.30106034377
1.33394760382
1.32575502086
1.28024685881
1.31707472645
1.29841533149
1.31084862484
1.32069018093
1.26952042481
1.32498360048
1.38430387933
1.26798303858
1.34736983258
1.25638357051
1.33033134951
1.30417445709
