251931013,53,18138,112
536883904,13540,161,86
40730067,19061,53,291
520165509,8888,61427,78
1321939589,11323,23,60
3733524613,8750,88,60
2722668964,37289,23,60
985995397,17092,23,62
2970997155,14486,55365,66
3679143045,21930,23,60
2301702789,14532,5358,60
4011237796,20440,5358,62
2398034053,50061,79,60
2687058326,31734,5358,60
1095255173,64663,23,60
2903888291,3129,39094,66
3866237061,36482,22,60
2484969892,1312,5358,60
3847559301,59055,53413,71
3674478725,57464,3398,60
186985861,18373,23,62
1615475333,37596,23,60
1519518085,53709,5358,60
2527608453,13703,23,60
3320862597,49824,23,60
2920665507,16618,21326,66
1200183173,64816,7547,60
3299095173,22776,23,60
3166913669,55500,8080,60
1459134884,4853,5358,60
466114437,28212,23,60
3762332068,25585,23,60
2987774371,3118,26370,66
3150117837,29751,53,121
3620010957,29521,53,355
2501908613,23081,23,60
3706017669,4664,22,60
2592626565,27555,5358,60
4057506212,13441,23,60
1691853220,42053,5358,60
2189468068,5900,5060,458
2164201605,56633,53,246
1023682949,40608,7547,60
1536318597,28365,23,60
3347095972,5900,5060,459
2944442788,5900,5060,459
2987774371,9502,25257,66
3808617930,41127,53,240
24576389,59156,53,95
24576389,47302,53,95
1823479941,53119,23,60
2954219939,37636,25222,66
2385041877,53,25867,164
2199653578,41492,53,470
2279542917,44494,5358,60
2350648522,35073,53,474
170323928,24838,53,191
2954219939,16413,22736,66
3236567173,55892,22,60
486540999,54491,53,892
79692165,23186,53,95
1889015941,39225,5358,60
4181923973,42809,53413,71
79692165,34620,53,95
170458499,60347,80,388
2317933013,53,47218,164
2128281989,64489,161,372
4038137989,38805,5358,60
1328168581,49212,23,60
1640233933,59965,53,86
33827205,58280,53,152
2210345605,49491,7547,60
95748485,53,4764,110
917056901,4740,53,107
1137923973,47911,22,60
1213047204,23248,2323,60
24576389,34324,53,95
3822334597,16908,23,60
1158217921,19041,53,719
3255214500,51200,5358,60
2200711813,57134,5358,60
2456098949,11669,23,60
2640856197,41218,5358,60
733086085,9801,5358,60
2958438789,17540,23,60
3308822948,43169,53,73
499004037,2705,23,60
2661628822,23684,5358,60
3899010437,65118,23,60
3585759109,8479,23,60
390046116,1669,2323,60
2415024005,1518,23,60
2321700741,44927,23,60
2631096197,3289,23,60
271753636,65254,22,60
2608617349,12418,23,60
654973061,52932,23,60
2567150802,30469,9883,62
2533496965,3211,23,60
2370976662,59013,23,60
4128518789,42578,23,60
1161208228,39898,23,60
2987774371,58806,24674,66
1856713349,44501,3390,60
4280113029,7075,5358,60
3480265124,47880,23,60
2165987205,54734,23,60
3757781637,18894,7547,60
2628474757,40580,5900,60
1948819876,12489,22,60
1719486341,42539,5358,60
351023749,45240,5358,60
2970997155,1037,55524,66
2987774371,50885,24780,66
2954219939,59464,25561,66
1664983460,50036,23,60
3324916357,2669,23,60
2926319749,29701,23,60
1736323461,36352,5358,60
3088437667,56284,23,60
3004551587,12328,14962,66
3404158853,16452,7547,60
334649221,62571,7547,60
3459003013,58081,5358,60
847517829,27220,23,60
1760384901,42166,23,60
2141102500,3204,5358,60
283060613,52784,23,60
238692741,54368,2323,60
2970997155,31198,55630,66
2033726085,3989,23,60
2903888291,49235,39433,66
2765576069,3313,22,60
1619531909,53737,23,60
3291455908,36271,7547,60
4036949184,45880,23,60
2782110116,64826,23,60
2954219939,12478,27030,66
2164142725,35214,22,60
3279378309,55736,23,60
1605869988,48908,23,60
3277075077,4058,5358,60
1250706565,38574,23,60
1830304662,47742,23,60
3333554565,28172,5358,62
1429119396,32395,23,60
2567150802,65042,9883,62
3004551587,15537,15545,66
1643784581,59509,23,60
2937442723,56616,32954,66
2089562757,11733,23,60
3628160901,4746,23,60
659642245,46468,7547,60
2981769861,48185,23,60
2706848662,14084,23,60
1716918405,56553,5358,60
3034142597,46186,23,60
3882693253,52424,5358,60
522126725,4603,23,60
2117671045,5182,23,60
2689161093,56393,23,60
2747207813,10057,5358,60
918968197,60757,389,60
3507104133,54330,80,60
1021455749,23405,23,62
1872959621,56703,23,60
287388293,21253,23,60
2390794660,5900,5060,460
170458499,57501,80,389
710084551,33528,53,421
3313541540,5900,5060,460
428795565,57042,80,543
1375876929,56039,80,389
1453445,43895,23,62
864919972,2135,23,60
2920665507,5376,17484,66
2970997155,55309,55206,66
1699027077,51260,81,60
2965910149,26977,143,60
3491418531,1377,2323,60
4123875205,18942,5358,60
3891480453,11403,23,62
3868727429,1155,23,60
2731553157,9391,2323,60
1326323845,20345,23,60
940660613,50727,23,60
3924074916,39116,23,60
2346201733,26838,23,60
1083875748,53460,5358,60
191078820,28740,5358,60
2903888291,19670,38303,66
4194804132,3551,23,60
3200145285,43765,5358,60
1118836869,46537,23,60
3848870021,4934,23,60
2298817925,36160,23,60
2501908613,8508,23,60
1815556741,1229,23,60
993803909,38014,80,70
1499214469,42963,5358,60
1718133156,22151,23,60
3892514949,9212,7547,60
1303981445,2679,5358,60
2664247941,60925,23,120
3153270917,12605,7547,130
1498259876,40430,7547,60
739390085,28896,23,60
79692165,63871,53,95
3222619269,53,60093,140
78775685,60525,80,7857
20119239,31587,53,1405
2903888291,32831,37738,66
2449576465,56041,443,523
535107717,39357,23,60
172307077,17298,23,60
54202501,49643,2222,60
2610347025,50768,2195,6713
378053028,55980,3391,60
4154077829,33925,23,60
3469228760,42587,443,6263
3105691781,1608,5358,60
4137437061,46033,5900,60
2985964165,40017,23,60
2920665507,25091,17145,66
1266161797,62180,23,60
2903888291,10357,38077,66
3404355461,12019,5358,60
579557253,20271,23,60
2920665507,2152,16015,66
3181261189,19037,23,60
3350009989,63611,6789,60
1844982149,46115,7547,60
2797733253,52825,2323,60
1754945413,26205,23,60
3954186373,58022,7547,60
1219964293,46763,23,60
2920665507,38268,19179,66
4025440133,7988,23,60
3519951493,6477,23,60
4011744389,56287,23,60
2589137029,37589,22,60
2920665507,40601,19292,66
2018550180,59906,23,60
4093325957,45301,23,60
77832612,30027,23,60
3868456128,12388,23,62
1349785733,34682,22,60
30562181,17456,5358,60
2414162309,35571,2323,60
2903888291,28839,41693,66
3006535813,1775,5358,60
1387075717,21586,23,60
3389609861,12939,23,60
2374017444,5900,5060,460
2164201605,64723,53,354
2306908580,5900,5060,460
2751568338,56190,53,323
20781189,22786,53,198
79692165,47121,53,95
79692165,23493,53,95
79692165,17068,53,95
73269637,53,39854,113
570395602,4266,53,282
2865101773,54929,53,402
24576389,61275,53,95
1575788964,48550,33436,318
1575788964,36777,33436,110
2164201605,28419,53,216
1199350180,59481,53413,71
96469381,53,25465,103
1761456346,61665,53,86
33637080,33536,53,200
1124418693,40344,443,1247
1176393605,64357,5358,60
3345795745,49433,53,299
764727715,29786,23,60
2937442723,2296,29564,66
4172784036,17053,23,60
998482340,60500,23,60
3969915013,42578,23,60
188260772,51445,5358,60
3224580741,31170,23,60
2195534469,38540,2323,60
1033246853,31109,23,60
686633605,29055,23,60
3832305541,11478,23,60
2567150802,22013,9883,62
1044631971,55272,5358,60
3932594596,38631,1080,60
2937442723,47187,31259,66
2018917270,2534,5358,60
2044803990,5424,5358,60
988033669,38011,23,120
1556390308,48403,23,60
137349,37087,23,120
3750182533,8006,23,60
2970997155,13738,55683,66
3714914437,44328,23,74
3375772293,38607,23,60
2075500964,24273,23,60
2942775941,46646,23,60
1362646917,47438,23,60
3740089989,58138,23,60
3227885988,40671,23,60
3607566469,18918,5358,60
3833747333,30432,23,60
3266785925,32753,5358,60
4004747971,47900,443,1618
648676741,46558,80,2067
2625675684,5900,5060,459
335026309,52060,80,272
3501262213,1863,80,721
3615531428,5900,5060,461
3699417508,5900,5060,460
2396007813,62175,8610,60
40730067,33326,53,222
247725005,20396,53,93
885193677,40094,53,93
24576389,19590,53,95
100273612,47560,53,261
2454118612,53,35043,352
1575788964,60749,33436,110
2205166981,52453,110,500392
1881735182,60300,80,440
1123098647,63253,80,4160
1849131723,1433,80,15419
413861253,18557,7547,60
218116741,22714,23,60
3564544420,1559,22,60
655579013,25859,23,60
4031328901,50061,88,60
3562035077,59550,2323,60
2623346821,17016,23,60
220469381,37717,23,60
2400756132,59686,22,60
2039945349,52242,23,60
3435288453,13966,23,60
449983109,8400,23,60
1217217669,53308,21,66
1715754885,3432,5358,62
2463904389,61489,5358,60
22828933,51503,23,60
2459244677,62454,23,60
2567150802,19841,9883,62
4259394181,8964,23,60
633344133,14202,5358,60
1106198934,33137,23,60
1963137157,1518,23,120
1214132869,38389,445,124
4067635845,22864,2323,180
952703109,3398,23,148
1323147684,48935,23,540
4207826821,45375,23,120
1443406244,6771,23,300
882717061,3117,445,132
4210309,49129,23,120
2292765091,48659,80,148
1563701893,60477,23,180
2903888291,47085,42145,66
3721646499,5080,2323,60
2987774371,24771,25946,66
2538608773,8792,23,60
3505068165,43793,3378,60
1291887012,43793,3373,60
4289681285,2785,23,60
1999460229,40752,23,62
1553815429,49346,7547,60
1976803748,58835,5358,60
1991914117,34971,23,60
3852474501,33338,2323,60
3100519813,1024,2323,60
2843487621,11224,23,60
360329861,21387,5358,60
3686940293,40823,23,62
17277348,25840,23,60
1120353925,22480,7547,60
3226008778,29605,2323,60
4025424005,34005,23,60
1177985444,43169,161,60
2987774371,5419,5060,66
1893020293,30241,23,60
1528584069,33670,23,60
1267900836,43793,3354,60
3004551587,34862,15439,66
978596485,62636,23,60
266878597,24255,23,120
2989899397,4275,23,60
2920665507,26759,18501,66
671493509,23117,23,60
2854461860,17123,23,60
481695877,32930,7547,60
3998635909,52283,23,60
83440261,39410,23,60
2569511332,42787,23,60
476202117,41887,23,62
1948004997,29368,23,60
830225302,49939,23,62
1676948101,23964,7547,60
2920665507,22910,17823,66
2564635542,47306,23,60
757078149,40540,3306,60
1433687941,13099,23,60
2970997155,54199,54729,66
2953992069,3894,22,60
710084551,42853,53,421
2424349092,5900,5060,460
710084551,35378,53,406
1902227820,33329,443,867
1076107397,65167,161,87
2516490102,49184,53,448
109058181,53,7433,118
3243367768,59886,53,194
79692165,27609,53,95
4060158085,8888,56934,78
2962275345,50756,2195,424
1124418693,32965,443,4133
463191057,50831,2195,424
170715850,54901,80,1543
25363845,25368,53,312
2507077834,62752,80,2969
1980176517,50244,5358,60
2187604357,37547,3128,60
3489571236,54065,80,60
1911036037,16310,23,60
1087848069,43617,80,60
2468566917,43061,23,60
1844785797,7915,23,60
496507013,10019,2323,60
2987774371,61681,24144,66
1131960197,25282,23,60
2482591621,9133,2323,60
2663792261,62549,23,60
487796101,4731,7547,60
2712148101,10919,23,60
797923205,62407,23,60
3692053637,60965,2323,60
380318341,24751,23,60
2937442723,18549,31598,66
2009571748,59686,22,60
2841248133,22440,23,60
1436197284,21272,23,60
890675620,7086,23,60
1751528069,41342,8080,60
2016230294,46441,23,60
2640854661,59946,23,60
4036368517,55585,23,60
3852217733,34440,23,60
3975092357,46304,23,60
2960929413,36658,5358,60
3216953763,63783,7547,60
2987774371,18465,25151,66
2260539525,57464,3399,60
910900118,40823,23,62
1506805125,15891,7547,60
2433177477,14504,23,62
4107753349,42849,23,60
609622149,49666,161,2056
2495296133,21195,23,148
182465157,6949,23,148
4011743109,52023,23,120
1697198725,24241,2323,60
1351309189,54657,23,60
144648581,48908,23,60
961369989,61420,23,60
2506632581,46033,5900,60
2954219939,56686,25900,66
2415960484,59686,22,60
3945505188,17059,23,60
2263166341,18327,23,60
143742853,37440,23,60
1976963205,33288,23,62
4056754565,53783,23,60
2843292293,23129,7547,60
590616709,25623,22,60
1699230341,39062,8080,60
4293138565,60625,5358,60
1801934725,14213,23,60
1874548613,51260,8083,60
1003502486,2451,23,62
3116577413,22072,23,60
2774488965,55400,23,60
1070874245,50005,8080,60
1510121892,12828,23,60
2046842757,31393,23,60
922168709,10746,23,60
2951492229,1511,23,60
3663806085,14384,23,62
330183301,20850,80,60
2977250198,14911,23,60
978662021,57718,23,60
428742789,30386,5358,60
1636828549,33749,25,78
2578847877,53858,5358,60
2503420293,48320,23,62
4065482629,16337,23,60
820683172,18588,23,60
2920665507,31268,16806,66
1344280709,55460,23,60
1232940421,13526,23,60
2794854533,3673,23,60
5284260,53826,23,60
2976461445,21246,23,60
971374981,15392,23,62
2473744261,9226,5358,60
3170738596,40761,23,60
3895994757,40922,5358,62
125180037,39159,2323,60
1535661957,51114,23,60
4058323077,50464,7547,60
354431621,34757,23,60
3672131461,34207,7547,60
2403424133,62040,2323,60
2891458949,15298,22,60
2057241989,50935,8080,60
2677357462,18975,23,60
520619397,30175,8014,62
3842519685,28956,23,60
63451781,13335,23,60
1025716869,59469,23,60
3995277445,38663,23,60
3957675909,49657,23,60
4278136197,3378,5358,60
2937442723,37493,33180,66
2782484357,14000,23,60
3458144389,41943,23,60
4237730212,62109,23,60
2259703685,24246,23,60
2353988997,31557,23,60
1830108805,33018,23,78
2937442723,9099,40412,66
2251108997,50373,23,60
3744113060,64356,22,60
3180999301,60891,2323,60
1422465157,3683,23,148
1305686661,4297,23,148
2937442723,35532,33632,66
3165561252,51158,8080,60
3333042821,13768,23,60
4056946821,1024,2323,60
3579844741,54068,23,60
360852869,25275,2323,60
1617762437,58508,7547,60
2968012677,25754,6789,62
1849131723,1354,80,139308
1948398213,34470,23,60
1557647779,1975,5358,60
3067041669,51260,9001,60
730964388,4945,23,60
2183272581,20263,23,60
1403731589,48409,3128,60
526731141,17092,23,62
3694200197,15768,5358,60
1799725476,58426,23,60
1781875094,44881,2222,60
2925502884,50384,23,60
876297861,59540,8080,60
1431656325,13084,22,60
415575429,56699,23,60
1105895844,30710,23,60
2457737349,41919,23,60
1834309509,63510,23,60
2896516997,62916,23,60
2987774371,46955,25522,66
2508862085,28974,2323,60
4267327894,24439,23,62
4083308421,55669,7547,60
267338885,61903,23,60
789927813,28586,23,60
628447109,30527,23,60
2715097221,58540,23,60
4026937989,51260,8118,60
299540900,61731,7547,60
2640720517,31672,2323,60
3967627653,46921,7547,60
2359973765,23440,2323,60
1330583685,39091,23,60
2386899589,54464,23,60
2527998597,43793,3364,60
3990689925,34602,23,60
1181833093,15393,8080,62
2954219939,62332,23188,66
227213701,18375,993,1824
2139136420,5900,5060,460
2541789604,5900,5060,460
3187855779,40629,5358,60
2977997220,5900,5060,460
3095437732,5900,5060,461
2751568338,48294,53,323
2446339461,62175,8610,60
3586620126,52986,53,87
634160594,53,50527,126
33364101,41607,53,261
586812876,44176,53,412
1761456346,27749,53,98
74905802,65189,80,484
2610347025,50760,2195,424
388444805,9663,33389,60
1745920420,29997,5358,60
3241751173,65426,23,60
3707150756,13309,5358,60
3562025605,49722,3127,60
3944109957,42389,2323,60
3697750661,41237,5358,60
3310698117,19338,23,60
723399301,27405,23,60
2066749573,64754,23,60
896770468,45699,5358,60
109648005,17437,2323,60
1164196758,60979,23,60
810424453,28410,23,60
3098957701,50795,23,60
394074245,31609,5358,60
776352133,41269,23,60
3303944837,50178,5358,60
1101223813,50317,23,60
3113430405,17504,5358,60
2278699397,5897,8080,60
3296149125,17335,5358,60
3119847557,45993,23,60
4114760086,40235,23,62
2613067397,3077,23,60
2567150802,45387,9883,62
697431232,6861,110,60
1904161413,30305,23,60
1343476131,41256,23,62
4196545157,32364,23,60
4138751877,63205,23,60
3239128453,59645,3128,60
1762531461,51850,5358,60
89914570,4255,23,148
773543813,16485,23,240
4066531205,43429,23,120
1120475269,3722,23,148
1181554821,2190,445,124
1254692997,2921,23,148
1057071524,16200,23,60
818485381,3426,23,148
3704697221,60710,7547,60
3267827845,43521,23,60
2521707141,33938,23,60
88549765,1874,445,66
551966597,14140,23,60
551360645,31994,5358,60
4010219653,37964,7547,60
1692670085,35802,23,60
3956515236,40025,23,60
753901988,42337,5358,60
3728742533,25544,23,60
4115355525,51260,5555,60
2567150802,8655,9883,62
3129219205,45415,3128,60
860510085,7620,23,60
1861310341,24061,23,60
2492799109,51260,1111,60
2438635940,50061,81,60
49764229,32302,5358,60
3238008965,19202,23,60
4080415365,10628,5358,60
2954219939,33156,24205,66
306422180,33960,23,60
697309317,44501,3390,60
515463045,51260,9000,60
4205336453,51260,81,60
150881413,57977,8080,60
2845439168,57429,23,60
968054661,58402,23,60
2621855621,50112,23,62
1022075300,57124,5358,60
2606454661,51260,81,60
2792642437,60472,23,60
3847635350,9865,23,60
4183181189,53199,23,62
3321108613,5558,23,60
340924549,16473,23,60
1921098148,20834,23,60
2941428132,29972,5358,60
1881735182,60788,80,5959
1019811973,4865,23,148
700109219,46191,80,142
746674053,4284,445,124
1811683461,4455,445,124
2005044605,56960,80,374
1103698053,4010,23,148
1607014533,3551,23,148
1573460101,3577,23,148
749941381,33639,23,156
4169799813,34154,23,60
3996295588,65367,7547,60
1171478405,4173,23,60
626792581,11779,23,60
2954219939,48264,26239,66
2920665507,41953,19744,66
2459900037,15525,23,60
2927449989,46731,23,60
1872369797,7180,2323,60
3266598789,2716,23,60
1000232837,25670,23,60
2903888291,24648,37625,66
1913102756,19802,23,60
3514964101,18616,23,120
236989829,50275,3128,60
3026100644,41195,23,60
2954219939,32268,22510,66
2051954565,1521,23,60
3360577413,36694,23,60
3284021893,12938,7547,60
2972194949,44547,23,60
2729222564,58888,80,60
410670981,58286,5358,60
2291226501,64948,23,60
2574492068,8110,23,60
3401621924,12176,5358,60
3788396421,58051,23,62
2164606085,41728,993,296
123469002,2525,23,148
707738518,17604,23,120
2323947940,51309,23,148
969480325,2680,23,148
4105843333,22721,23,120
1086920837,2144,23,148
398350213,29881,50312,132
1288247429,2565,23,148
1472796805,3449,23,148
922097797,11275,445,124
917311621,24872,23,496
1657346181,2695,23,148
659951749,1539,5358,60
494032773,13619,23,60
255865477,59373,22,60
1383868805,38593,23,60
2610347025,50984,2195,216
2310477957,41082,22,60
1060384133,22512,2323,60
542857093,49824,2323,60
2573752197,46033,5900,60
2512179619,29932,23,62
2610143652,47572,23,60
1872190597,17955,23,60
2920665507,33847,19518,66
2200543652,20995,23,60
2496141445,19994,2323,60
4225182085,23414,23,60
3684278692,55980,3391,60
3971195300,15601,23,60
449589893,20509,23,60
1148540805,20952,23,60
2018128517,50061,88,60
3004551587,21360,15227,66
2954219939,1974,24544,66
1881102213,45405,23,60
2036815749,63690,2323,60
2161654678,23675,23,60
593303685,36279,2323,62
4115142789,1152,22,60
618070405,65529,5358,60
4077323653,53345,23,60
2567150802,5647,9883,62
2987774371,15710,24462,66
1315844741,54130,23,60
3426621573,55911,5358,60
1878340229,28251,23,60
2034571397,44723,3389,60
1538655621,23073,23,60
4074854277,54689,23,60
2101780900,28831,2323,60
1327341988,7747,23,60
2241347205,7953,23,60
935925893,2564,23,148
1711741061,40775,23,148
558061445,3819,445,132
4171772549,54282,21,140
4154857605,8165,23,180
1700307364,45368,23,60
4000651397,39177,23,60
2064490916,52329,23,60
1652381573,53910,23,60
1848449157,9726,23,60
166539909,46684,23,60
2067093381,35523,23,60
2937442723,6141,32615,66
2970997155,65252,56054,66
2193905541,16117,23,60
2081429637,47891,23,60
226992548,59686,22,60
2089329060,29150,23,60
3556221348,40369,23,60
1154309253,42936,23,60
3764363684,44501,3390,60
3401062533,32276,22,60
2567150802,41581,9883,62
1591386532,62446,2323,60
3300434340,7493,23,60
131216005,42920,22,60
817895557,50061,162,60
1978140037,40571,23,60
367567268,24556,22,60
2912592292,41160,23,60
2893682821,53948,7547,60
2903888291,40267,39320,66
1837586309,58424,23,60
3499881664,4226,23,60
1125603205,13262,23,60
1688541317,51260,8893,60
2144802949,44528,5358,60
1083850373,38327,23,60
3446359941,54123,23,62
3160229765,20570,80,60
3189774469,22043,23,60
1060182149,21529,23,60
3548403589,43880,2323,60
1194525061,47290,23,60
3417678244,14228,23,60
618403973,52507,23,60
2802909573,51781,23,62
2039694469,38534,23,62
3077583493,53873,23,60
2442982592,35093,5358,60
686905221,44700,23,60
2920665507,11172,16241,66
2920665507,10394,15902,66
2131272100,28121,445,62
2222797445,40778,23,60
69289093,45928,5358,60
1549546117,6425,2323,60
2970235525,60941,7547,60
3523293829,12786,23,60
1662595717,2780,23,60
656950405,28680,23,120
751376517,4884,23,148
3004551587,56773,5060,160
513653777,51010,2195,216
894345636,33929,23,180
1221138565,4441,23,148
1853036677,19103,23,60
2987774371,57806,25628,66
529347205,1285,23,60
3111147397,40796,8080,60
90518208,56841,23,60
3898234757,43376,23,74
2970997155,42031,56319,66
635709829,60235,23,60
1012471941,16004,2222,60
3445961408,37715,23,60
459741317,30432,5358,60
2128041861,64414,5358,60
2622501509,24295,23,60
593011108,27456,7547,60
2102342277,18176,23,60
264329093,7390,22,60
2887850117,42789,2222,60
688461957,64934,5358,60
1551540644,19849,22,60
2954219939,60083,24431,66
3321059205,7008,5358,60
2416259717,20152,23,60
2673104773,36911,23,60
4225390469,51087,22,60
427890821,14116,22,60
2224314245,38627,23,60
191054230,56521,5358,60
3443414917,353,7547,60
200647076,33584,5358,60
3249362821,50061,162,60
496834693,40553,23,60
3608418437,50039,9250,60
642209669,43793,3394,60
2557958021,13735,7547,60
1193303173,21389,2323,62
3401765283,54092,23,60
3172150661,35863,23,60
297670789,55273,5358,60
1679822981,62720,7547,60
611522693,3788,5358,60
257703557,36778,102,60
3020380037,29548,23,60
1825244549,46473,3128,60
755278244,58022,8800,60
3914733701,9400,81,60
1355356293,4639,23,148
766979461,41870,23,156
218437765,29004,23,120
1613378181,2481,445,124
999603217,50993,2195,216
1191123077,8585,5358,120
1461131397,46217,2323,60
3624247716,54223,22,60
4188739717,58022,25105,60
3085214116,53911,23,60
1298880389,30651,9000,60
2258302144,51479,5358,60
2294887045,49710,23,60
2896835205,30350,23,60
3636855173,34700,5358,60
1005077637,9930,23,60
3470434724,44192,2323,60
2207527557,65250,23,60
3996398213,16008,23,60
3888191621,57464,3399,60
3536953764,27664,23,60
4028829829,59776,2323,60
3025230981,53247,23,60
2567150802,36304,9883,62
51618212,45993,23,60
2567150802,63172,9883,62
2562014853,1085,23,60
104661381,6866,7547,60
2552902277,44723,3389,60
1467242373,20548,23,60
3373471877,29723,23,60
734877573,13072,23,60
3614779781,30767,2222,60
3255280036,16632,23,60
2903888291,14251,46778,66
739794053,54451,2323,60
1931946373,39555,23,60
2954219939,24647,32341,66
2991469189,59814,23,60
3437773206,19287,5358,60
319988132,59626,23,60
2048333957,32182,23,60
2483230853,50176,5358,60
1401306757,38463,23,78
2005021317,31787,23,360
3022461061,8313,23,148
2277398405,65385,50560,132
30157189,31890,23,120
1432342947,11397,7547,146
1189107589,54116,23,120
1715942021,15137,23,60
361781125,19777,23,60
3434485893,9840,5358,60
1102010245,49913,22,60
2970997155,7485,56160,66
1158813829,52219,7547,60
2411069829,7293,2323,60
3840809093,13040,23,60
4059846533,49216,23231,60
1447778181,51260,5555,60
1140600197,49768,23,60
1459967877,35167,23,60
3004551587,15154,15280,66
2680838021,50061,80,60
527702149,9368,22,60
3891933829,356,23,60
2913444260,54528,23,60
4111145093,48734,23,60
3460104581,31113,23,60
1714357637,21528,2323,60
2067617669,36005,23,60
369046149,60744,4911,60
2890274949,43793,3365,60
2069442949,32651,23,60
96884613,17764,23,60
1286749829,25556,23,60
691820421,53017,5358,60
4105918341,47527,23,60
2916030597,22147,7547,60
3766495621,48982,23,62
2970997155,31019,54835,66
1231893125,5194,23,60
1975851141,52497,1962,60
3830529669,56424,23,60
3540783237,35453,23,60
3009688197,41275,23,180
969234309,1304,445,124
1199331205,1139,50560,124
1400510597,46430,23,148
3296860293,50316,3389,124
3857979525,25539,23,240
1026044549,58242,23,148
173800650,3120,23,148
1240728965,2514,445,132
827807621,4556,445,124
902078884,23042,23,120
513653777,50978,2195,216
3954549156,55856,23,180
210698629,21457,2323,62
2043156613,30853,23,120
4019083141,41665,995,60
1618231702,221,23,60
230465956,36173,5358,60
3004551587,62040,15333,66
3779926149,14951,23,74
3565700229,58171,23,60
3706663301,16441,23,60
3194605987,4382,2323,60
2019903365,55371,88,60
3650438277,42902,23,60
1971495332,37289,23,74
3146782853,56131,23,60
3412350853,62019,23,60
4180423301,42497,23,60
83897733,65281,23,60
2626942144,31972,7547,60
1962154117,58652,5358,60
456761764,9023,23,60
3020314501,62492,5358,60
2954219939,24491,23414,66
783233669,434,7547,60
1028207237,1265,23,60
