1.72352515056,-1.09685423537,-0.604361524382,1.04157902662,0.438163012674
1.72699170806,0.910891179909,-0.604361524382,-0.872591881186,0.438163012674
1.73045826557,0.910291076666,-0.604361524382,-0.872591881186,0.438163012674
1.72005859306,0.910291076666,-0.604361524382,-0.872591881186,0.438163012674
1.71312547806,0.911091214323,-0.604361524382,-0.872591881186,0.438163012674
1.71659203556,0.911091214323,-0.604361524382,-0.872591881186,0.438163012674
1.70619236305,0.910291076666,-0.604361524382,-0.872591881186,0.438163012674
1.70965892055,0.910291076666,-0.604361524382,-0.872591881186,0.438163012674
1.69232613304,0.910291076666,-0.604361524382,-0.872591881186,0.438163012674
1.69579269054,0.910291076666,-0.604361524382,-0.872591881186,0.438163012674
1.69925924805,0.91189135198,-0.604361524382,-0.872591881186,0.438163012674
1.70272580555,0.913691661708,-0.604361524382,-0.872591881186,0.438163012674
1.68885957554,0.913291592879,-0.604361524382,-0.872591881186,0.438163012674
1.68539301804,0.910291076666,-0.604361524382,-0.872591881186,0.438163012674
1.67499334553,-1.09685423537,-0.604361524382,1.21408499495,0.438163012674
1.67845990303,-1.09685423537,-0.604361524382,1.39111966951,0.438163012674
1.68192646053,-1.09685423537,-0.604361524382,0.994291785684,0.438163012674
1.66459367302,0.911491283152,-0.604361524382,-0.872591881186,0.438163012674
1.66806023052,0.911491283152,-0.604361524382,-0.872591881186,0.438163012674
1.67152678803,-1.09685423537,-0.604361524382,1.15702329639,0.438163012674
1.66112711552,0.910291076666,-0.604361524382,-0.872591881186,0.438163012674
1.64726088551,-1.09685423537,-0.604361524382,0.894811205392,0.438163012674
1.65072744301,-1.09685423537,-0.604361524382,1.53105669217,0.438163012674
1.65419400051,-1.09685423537,-0.604361524382,1.22363301726,0.438163012674
1.65766055802,-1.09685423537,-0.604361524382,1.26578772446,0.438163012674
1.64379432801,-1.09685423537,-0.604361524382,1.2796380177,0.438163012674
1.6403277705,0.910691145495,-0.604361524382,-0.872591881186,0.438163012674
1.6333946555,0.910691145495,-0.604361524382,-0.872591881186,0.438163012674
1.636861213,0.910691145495,-0.604361524382,-0.872591881186,0.438163012674
1.62646154049,0.91189135198,-0.604361524382,-0.872591881186,0.438163012674
1.629928098,0.91189135198,-0.604361524382,-0.872591881186,0.438163012674
1.61952842549,0.910291076666,-0.604361524382,-0.872591881186,0.438163012674
1.62299498299,0.910291076666,-0.604361524382,-0.872591881186,0.438163012674
1.61259531048,0.910291076666,-0.604361524382,-0.872591881186,0.438163012674
1.61606186799,0.910291076666,-0.604361524382,-0.872591881186,0.438163012674
1.60912875298,0.911491283152,-0.604361524382,-0.872591881186,0.438163012674
1.60219563798,-1.09685423537,-0.604361524382,1.28197784925,0.438163012674
1.60566219548,-1.09685423537,-0.604361524382,1.42349991909,0.438163012674
1.58832940797,-1.09685423537,-0.604361524382,1.0814693807,0.438163012674
1.59179596547,0.913691661708,-0.604361524382,-0.872591881186,0.438163012674
1.59526252297,0.913691661708,-0.604361524382,-0.872591881186,0.438163012674
1.59872908047,-1.09685423537,-0.604361524382,1.55649292552,0.438163012674
1.58486285046,-1.09685423537,-0.604361524382,1.09573480534,0.438163012674
1.58139629296,0.910291076666,-0.604361524382,-0.872591881186,0.438163012674
1.57792973546,0.913291592879,-0.604361524382,-0.872591881186,0.438163012674
1.57099662045,0.910291076666,-0.604361524382,-0.872591881186,0.438163012674
1.57446317796,0.910291076666,-0.604361524382,-0.872591881186,0.438163012674
1.56406350545,0.911291248737,-0.604361524382,-0.872591881186,0.438163012674
1.56753006295,0.911291248737,-0.604361524382,-0.872591881186,-3.80733879945
1.55713039044,0.910291076666,-0.604361524382,-0.872591881186,0.438163012674
1.56059694795,0.910291076666,-0.604361524382,-0.872591881186,0.438163012674
1.55019727544,0.913691661708,-0.604361524382,-0.872591881186,0.438163012674
1.55366383294,0.913691661708,-0.604361524382,-0.872591881186,0.438163012674
1.54673071794,0.910291076666,-0.604361524382,-0.872591881186,0.438163012674
1.54326416043,0.913291592879,-0.604361524382,-0.872591881186,0.438163012674
1.53633104543,-1.09685423537,1.65346074642,1.51422500066,0.438163012674
1.53979760293,-1.09685423537,1.65616014537,1.38934592623,-1.68458789339
1.53286448793,-1.09685423537,1.65278589669,1.30171546059,-1.68458789339
1.52593137292,-1.09685423537,1.65278589669,0.739250146226,-1.68458789339
1.52939793042,-1.09685423537,1.65616014537,1.01157634781,-1.68458789339
1.52246481542,0.913291592879,-0.604361524382,-0.872591881186,0.438163012674
1.51553170041,0.910291076666,-0.604361524382,-0.872591881186,0.438163012674
1.51899825792,-1.09685423537,1.65616014537,-0.0890879633427,-1.68458789339
1.51206514291,0.912491455223,-0.604361524382,-0.872591881186,0.438163012674
1.50859858541,-1.09685423537,1.65278589669,1.29892275841,-1.68458789339
1.50513202791,-1.09685423537,1.65413559616,1.34032268124,-1.68458789339
1.5016654704,0.910291076666,-0.604361524382,-0.872591881186,-3.80733879945
1.4981989129,-1.09685423537,1.65278589669,1.26005136323,-1.68458789339
1.4947323554,-1.09685423537,1.65391064625,1.24506889344,-1.68458789339
1.4912657979,0.912091386394,-0.604361524382,-0.872591881186,0.438163012674
1.48433268289,0.913291592879,-0.604361524382,-0.872591881186,0.438163012674
1.4877992404,0.913291592879,-0.604361524382,-0.872591881186,0.438163012674
1.48086612539,-1.09685423537,1.65278589669,1.40980058273,-1.68458789339
1.47739956789,-1.09685423537,1.65323579651,1.27575087818,-1.68458789339
1.47393301039,0.912091386394,-0.604361524382,-0.872591881186,0.438163012674
1.47046645288,-1.09685423537,1.65346074642,1.12494496056,-1.68458789339
1.46353333788,-1.09685423537,1.65278589669,1.18706371441,-1.68458789339
1.46699989538,-1.09685423537,1.65278589669,1.1118494517,-1.68458789339
1.45660022287,0.910291076666,-0.604361524382,-0.872591881186,0.438163012674
1.46006678038,-1.09685423537,1.65278589669,1.08897948521,-1.68458789339
1.45313366537,0.913891696122,-0.604361524382,-0.872591881186,0.438163012674
1.44620055037,0.910291076666,-0.604361524382,-0.872591881186,0.438163012674
1.44966710787,0.913891696122,-0.604361524382,-0.872591881186,0.438163012674
1.43580087786,0.913891696122,-0.604361524382,-0.872591881186,0.438163012674
1.43926743536,0.913891696122,-0.604361524382,-0.872591881186,0.438163012674
1.44273399286,0.913291592879,-0.604361524382,-0.872591881186,0.438163012674
1.43233432036,0.913891696122,-0.604361524382,-0.872591881186,0.438163012674
1.42886776285,-1.09685423537,1.65593519546,0.605200441675,0.438163012674
1.41846809035,-1.09685423537,-0.604361524382,1.22831268037,0.438163012674
1.42193464785,-1.09685423537,-0.604361524382,1.36300395164,0.438163012674
1.42540120535,-1.09685423537,-0.604361524382,1.24816350936,0.438163012674
1.40460186034,0.913691661708,-0.604361524382,-0.872591881186,0.438163012674
1.40806841784,-1.09685423537,-0.604361524382,1.39964873292,0.438163012674
1.41153497534,-1.09685423537,-0.604361524382,1.113283542,0.438163012674
1.41500153284,-1.09685423537,-0.604361524382,1.37058953458,0.438163012674
1.40113530283,-1.09685423537,1.65391064625,0.967836593429,-1.68458789339
1.39766874533,0.91189135198,-0.604361524382,-0.872591881186,0.438163012674
1.39420218783,0.91189135198,-0.604361524382,-0.872591881186,0.438163012674
1.38726907282,0.913291592879,-0.604361524382,-0.872591881186,0.438163012674
1.39073563033,0.913291592879,-0.604361524382,-0.872591881186,0.438163012674
1.38033595782,0.910891179909,-0.604361524382,-0.872591881186,0.438163012674
1.38380251532,0.910891179909,-0.604361524382,-0.872591881186,0.438163012674
1.36993628531,-1.09685423537,1.65683499511,1.46037113568,-1.68458789339
1.37340284281,-1.09685423537,1.65683499511,1.46037113568,-1.68458789339
1.37686940032,-1.09685423537,1.65616014537,1.24989951342,-1.68458789339
1.36646972781,0.910291076666,-0.604361524382,-0.872591881186,0.438163012674
1.3526034978,0.910291076666,-0.604361524382,-0.872591881186,0.438163012674
1.3560700553,-1.09685423537,1.65346074642,1.20144235671,-1.68458789339
1.3595366128,-1.09685423537,1.65391064625,1.56758825579,-1.68458789339
1.36300317031,-1.09685423537,1.65391064625,1.56758825579,-1.68458789339
1.34567038279,0.913291592879,-0.604361524382,-0.872591881186,0.438163012674
1.3491369403,-1.09685423537,1.65593519546,0.526514170845,0.438163012674
1.34220382529,0.913291592879,-0.604361524382,-0.872591881186,0.438163012674
1.33527071029,-1.09685423537,1.65278589669,1.38976105764,0.438163012674
1.33873726779,0.913291592879,-0.604361524382,-0.872591881186,0.438163012674
1.33180415278,0.910291076666,-0.604361524382,-0.872591881186,0.438163012674
1.29020546275,0.913891696122,-0.604361524382,-0.664724265008,-1.68458789339
1.29367202026,-1.09685423537,-0.604361524382,1.23586052409,0.438163012674
1.29713857776,-1.09685423537,-0.604361524382,1.08980974802,0.438163012674
1.30060513526,-1.09685423537,-0.604361524382,1.35107835855,0.438163012674
1.30407169276,-1.09685423537,-0.604361524382,1.37055179536,0.438163012674
1.30753825027,-1.09685423537,-0.604361524382,1.03712579882,0.438163012674
1.31100480777,-1.09685423537,-0.604361524382,1.10150890579,0.438163012674
1.31447136527,-1.09685423537,-0.604361524382,1.39979968979,0.438163012674
1.31793792277,-1.09685423537,-0.604361524382,1.0776199804,0.438163012674
1.32140448028,-1.09685423537,-0.604361524382,1.01184052234,0.438163012674
1.32487103778,-1.09685423537,-0.604361524382,1.39964873292,0.438163012674
1.32833759528,-1.09685423537,-0.604361524382,1.37058953458,0.438163012674
1.28673890525,0.910691145495,-0.604361524382,-0.872591881186,0.438163012674
1.27287267524,0.913291592879,-0.604361524382,-0.872591881186,0.438163012674
1.27633923274,0.913291592879,-0.604361524382,-0.872591881186,0.438163012674
1.27980579025,-1.09685423537,1.65278589669,1.58925056728,-1.68458789339
1.28327234775,-1.09685423537,1.65368569634,1.44927580541,-1.68458789339
1.26940611774,0.911091214323,-0.604361524382,-0.872591881186,0.438163012674
1.26593956024,-1.09685423537,1.65346074642,1.58913734963,-1.68458789339
1.24860677273,0.910291076666,-0.604361524382,-0.872591881186,0.438163012674
1.25207333023,-1.09685423537,1.65323579651,1.50931890224,-1.68458789339
1.25553988773,-1.09685423537,1.65323579651,1.50931890224,-1.68458789339
1.25900644523,0.910291076666,-0.604361524382,-0.872591881186,0.438163012674
1.26247300274,0.910291076666,-0.604361524382,-0.872591881186,0.438163012674
1.24167365772,-1.09685423537,1.65323579651,1.45761617272,-1.68458789339
1.24514021522,-1.09685423537,1.65323579651,1.45761617272,-1.68458789339
1.23127398521,0.912491455223,-0.604361524382,-0.872591881186,0.438163012674
1.23474054272,-1.09685423537,1.65278589669,0.69800118027,-1.68458789339
1.23820710022,0.913291592879,-0.604361524382,-0.872591881186,-3.80733879945
1.22087431271,-1.09685423537,1.65571024555,1.04588129754,0.438163012674
1.22434087021,-1.09685423537,1.65413559616,1.3037533784,-1.68458789339
1.22780742771,0.910291076666,-0.604361524382,-0.872591881186,0.438163012674
1.2070080827,0.913691661708,-0.604361524382,-0.872591881186,0.438163012674
1.2104746402,-1.09685423537,1.65368569634,1.00938747313,-1.68458789339
1.2139411977,-1.09685423537,1.65368569634,1.00938747313,-1.68458789339
1.2174077552,-1.09685423537,1.65278589669,1.41044214945,-1.68458789339
1.20354152519,0.913691661708,-0.604361524382,-0.872591881186,0.438163012674
1.19314185269,-1.09685423537,1.65391064625,1.16551462058,0.438163012674
1.19660841019,-1.09685423537,1.65593519546,0.843674564157,0.438163012674
1.20007496769,-1.09685423537,1.65368569634,0.554441192626,-1.68458789339
1.18967529518,-1.09685423537,1.65346074642,-0.53086325655,0.438163012674
1.18274218018,0.913691661708,-0.604361524382,-0.872591881186,0.438163012674
1.18620873768,0.913691661708,-0.604361524382,-0.872591881186,0.438163012674
1.17234250767,0.910291076666,-0.604361524382,-0.872591881186,0.438163012674
1.17580906517,-1.09685423537,1.65616014537,-0.70084069723,-1.68458789339
1.17927562268,-1.09685423537,1.65413559616,1.30167772137,-1.68458789339
1.15847627766,0.910291076666,-0.604361524382,-0.872591881186,0.438163012674
1.16194283516,0.910291076666,-0.604361524382,-0.872591881186,0.438163012674
1.16540939267,0.910291076666,-0.604361524382,-0.872591881186,0.438163012674
1.16887595017,0.910291076666,-0.604361524382,-0.872591881186,0.438163012674
1.13767693265,-1.09685423537,-0.604361524382,1.5931377068,0.438163012674
1.14114349015,-1.09685423537,-0.604361524382,1.33073691971,0.438163012674
1.14461004765,-1.09685423537,-0.604361524382,1.00659477095,0.438163012674
1.14807660515,-1.09685423537,-0.604361524382,0.992631260064,0.438163012674
1.15154316266,-1.09685423537,-0.604361524382,1.46388088302,0.438163012674
1.15500972016,0.913891696122,-0.604361524382,-0.872591881186,0.438163012674
1.13074381764,-1.09685423537,1.65683499511,-0.558601582238,-3.80733879945
1.13421037514,-1.09685423537,-0.604361524382,1.13619124771,0.438163012674
1.12381070264,-1.09685423537,1.65278589669,1.08422434366,-1.68458789339
1.12727726014,-1.09685423537,1.65278589669,1.08422434366,-1.68458789339
1.11687758763,-1.09685423537,1.65616014537,0.528627567088,-1.68458789339
1.12034414513,-1.09685423537,1.65278589669,1.17555325273,-1.68458789339
1.10647791512,0.913891696122,-0.604361524382,-0.872591881186,0.438163012674
1.10994447263,0.913891696122,-0.604361524382,-0.872591881186,0.438163012674
1.11341103013,-1.09685423537,1.65323579651,1.11524598137,-1.68458789339
1.09954480012,-1.09685423537,1.65278589669,1.08871531068,-1.68458789339
1.10301135762,0.913891696122,-0.604361524382,-0.872591881186,0.438163012674
1.09607824262,-1.09685423537,1.65346074642,1.0464096466,-1.68458789339
1.08221201261,-1.09685423537,1.65391064625,0.406314759529,0.438163012674
1.08567857011,0.913491627294,-0.604361524382,-0.397002248092,-1.68458789339
1.08914512761,-1.09685423537,1.65616014537,0.601652955124,-1.68458789339
1.09261168511,-1.09685423537,1.65616014537,0.601652955124,-1.68458789339
1.0752788976,-1.09685423537,1.65413559616,1.2948469228,-1.68458789339
1.0787454551,-1.09685423537,1.65278589669,1.18555414567,-1.68458789339
1.0718123401,-1.09685423537,1.65593519546,0.907604800505,0.438163012674
1.06487922509,-1.09685423537,1.65278589669,1.07003439746,-1.68458789339
1.0683457826,-1.09685423537,1.65278589669,1.07003439746,-1.68458789339
1.06141266759,-1.09685423537,1.65616014537,1.49675174244,0.438163012674
1.05794611009,-1.09685423537,1.65593519546,1.22846363724,0.438163012674
1.05447955259,0.910291076666,-0.604361524382,-0.872591881186,0.438163012674
1.04407988008,0.91189135198,-0.604361524382,-0.872591881186,0.438163012674
1.04754643758,0.91189135198,-0.604361524382,-0.872591881186,0.438163012674
1.05101299508,0.91189135198,-0.604361524382,-0.872591881186,0.438163012674
1.04061332258,-1.09685423537,1.65346074642,-0.530825517331,0.438163012674
1.03714676508,0.910291076666,-0.604361524382,-0.872591881186,0.438163012674
1.00248119005,0.913891696122,-0.604361524382,-0.872591881186,0.438163012674
1.00594774755,-1.09685423537,-0.604361524382,1.47686317422,0.438163012674
1.00941430506,-1.09685423537,-0.604361524382,1.40889484148,0.438163012674
1.01288086256,-1.09685423537,-0.604361524382,1.32062280912,0.438163012674
1.01634742006,-1.09685423537,-0.604361524382,1.32609499582,0.438163012674
1.01981397756,-1.09685423537,-0.604361524382,1.00006588613,0.438163012674
1.02328053507,-1.09685423537,-0.604361524382,1.10543378453,0.438163012674
1.02674709257,-1.09685423537,-0.604361524382,1.3376054575,0.438163012674
1.03021365007,-1.09685423537,-0.604361524382,0.396313866593,0.438163012674
1.03368020757,-1.09685423537,-0.604361524382,0.99712222708,0.438163012674
0.971282172528,-1.09685423537,-0.604361524382,1.02629464308,0.438163012674
0.974748730031,-1.09685423537,-0.604361524382,1.32386838192,0.438163012674
0.978215287533,-1.09685423537,-0.604361524382,0.999763972384,0.438163012674
0.981681845036,-1.09685423537,-0.604361524382,1.22314240742,0.438163012674
0.985148402538,-1.09685423537,-0.604361524382,0.996216485833,0.438163012674
0.988614960041,-1.09685423537,-0.604361524382,1.01187826156,0.438163012674
0.992081517543,-1.09685423537,-0.604361524382,1.03471048883,0.438163012674
0.995548075046,-1.09685423537,-0.604361524382,1.16479757542,0.438163012674
0.999014632548,-1.09685423537,-0.604361524382,1.24684263671,0.438163012674
0.957415942519,0.911491283152,-0.604361524382,-0.872591881186,0.438163012674
0.960882500021,0.911491283152,-0.604361524382,-0.872591881186,0.438163012674
0.964349057523,0.910291076666,-0.604361524382,-0.872591881186,0.438163012674
0.967815615026,0.913291592879,-0.604361524382,-0.872591881186,0.438163012674
0.953949385016,-1.09685423537,1.65616014537,0.807180739748,-1.68458789339
0.950482827514,-1.09685423537,1.65616014537,1.18061030803,-1.68458789339
0.947016270011,-1.09685423537,1.65593519546,0.472811262743,0.438163012674
0.943549712509,0.911491283152,-0.604361524382,-0.872591881186,0.438163012674
0.936616597504,0.913291592879,-0.604361524382,-0.872591881186,0.438163012674
0.940083155006,0.913291592879,-0.604361524382,-0.872591881186,0.438163012674
0.922750367494,0.913291592879,-0.604361524382,-0.872591881186,0.438163012674
0.926216924996,0.913291592879,-0.604361524382,-0.872591881186,0.438163012674
0.929683482499,-1.09685423537,1.65278589669,1.26839173055,-1.68458789339
0.933150040001,-1.09685423537,1.65278589669,1.26839173055,-1.68458789339
0.919283809991,0.912491455223,-0.604361524382,-0.872591881186,0.438163012674
0.908884137484,0.910291076666,-0.604361524382,-0.872591881186,0.438163012674
0.912350694987,0.912491455223,-0.604361524382,-0.872591881186,0.438163012674
0.915817252489,0.912491455223,-0.604361524382,-0.872591881186,0.438163012674
0.901951022479,-1.09685423537,1.65278589669,0.23271435386,-1.68458789339
0.905417579982,-1.09685423537,1.65278589669,0.23271435386,-1.68458789339
0.898484464977,0.910291076666,-0.604361524382,-0.872591881186,0.438163012674
0.895017907474,0.913291592879,-0.604361524382,-0.872591881186,0.438163012674
0.891551349972,-1.09685423537,1.6566100452,1.07260066433,-1.68458789339
0.881151677464,0.913891696122,-0.604361524382,-0.872591881186,0.438163012674
0.884618234967,0.913891696122,-0.604361524382,-0.872591881186,0.438163012674
0.888084792469,0.913291592879,-0.604361524382,-0.872591881186,0.438163012674
0.874218562459,0.913691661708,-0.604361524382,-0.872591881186,0.438163012674
0.877685119962,0.913691661708,-0.604361524382,-0.872591881186,0.438163012674
0.867285447455,-1.09685423537,1.65278589669,-0.788773076623,-3.80733879945
0.870752004957,0.910291076666,-0.604361524382,-0.872591881186,0.438163012674
0.856885774947,0.911491283152,-0.604361524382,-0.872591881186,0.438163012674
0.86035233245,0.911491283152,-0.604361524382,-0.872591881186,0.438163012674
0.863818889952,-1.09685423537,1.65278589669,-0.719370653575,-1.68458789339
0.84648610244,-1.09685423537,1.65616014537,1.52298049938,-1.68458789339
0.849952659942,-1.09685423537,1.65616014537,1.52298049938,-1.68458789339
0.853419217445,-1.09685423537,1.65616014537,1.08690382819,-1.68458789339
0.843019544937,0.911491283152,-0.604361524382,-0.872591881186,0.438163012674
0.839552987435,0.910291076666,-0.604361524382,-0.872591881186,0.438163012674
0.836086429932,0.913291592879,-0.604361524382,-0.556978795838,-3.80733879945
0.825686757425,-1.09685423537,1.65593519546,0.433222822407,0.438163012674
0.829153314927,0.910491111081,-0.604361524382,1.04222059334,0.438163012674
0.83261987243,0.910691145495,-0.604361524382,-0.872591881186,0.438163012674
0.822220199923,-1.09685423537,1.65278589669,1.09739533096,0.438163012674
0.81875364242,-1.09685423537,1.65593519546,0.569310444764,0.438163012674
0.815287084918,0.910691145495,-0.604361524382,0.718757750513,-1.68458789339
0.811820527415,0.910291076666,-0.604361524382,-0.872591881186,0.438163012674
0.801420854908,-1.09685423537,1.65278589669,1.30873495526,-1.68458789339
0.80488741241,-1.09685423537,1.65278589669,1.30873495526,-1.68458789339
0.808353969913,-1.09685423537,1.65278589669,1.4638431438,-1.68458789339
0.797954297405,-1.09685423537,1.65593519546,0.971950168258,0.438163012674
0.794487739903,0.910291076666,-0.604361524382,-0.872591881186,0.438163012674
0.787554624898,0.910291076666,-0.604361524382,-0.872591881186,0.438163012674
0.7910211824,0.910291076666,-0.604361524382,-0.872591881186,0.438163012674
0.780621509893,-1.09685423537,1.65278589669,1.56792790876,-1.68458789339
0.784088067396,0.910291076666,-0.604361524382,-0.872591881186,0.438163012674
0.777154952391,0.910291076666,-0.604361524382,-0.872591881186,0.438163012674
0.773688394888,0.910291076666,-0.604361524382,-0.872591881186,0.438163012674
0.770221837386,-1.09685423537,1.65593519546,1.15532503155,0.438163012674
0.766755279883,-1.09685423537,1.65593519546,1.02489829199,0.438163012674
0.759822164878,-1.09685423537,1.65278589669,1.38881757717,-1.68458789339
0.763288722381,0.910291076666,-0.604361524382,-0.872591881186,0.438163012674
0.752889049873,0.910291076666,-0.604361524382,-0.872591881186,0.438163012674
0.756355607376,0.910291076666,-0.604361524382,-0.872591881186,0.438163012674
0.745955934868,-1.09685423537,1.65593519546,0.951420033327,0.438163012674
0.749422492371,-1.09685423537,1.65683499511,1.10856613968,-1.68458789339
0.742489377366,-1.09685423537,1.6566100452,-0.788773076623,-3.80733879945
0.739022819864,-1.09685423537,1.6566100452,1.09501776019,-1.68458789339
0.728623147356,-1.09685423537,-0.604361524382,1.28163819628,0.438163012674
0.732089704859,-1.09685423537,-0.604361524382,1.00602868268,0.438163012674
0.735556262361,-1.09685423537,-0.604361524382,1.30556486089,0.438163012674
0.714756917346,-1.09685423537,-0.604361524382,1.01048191047,0.438163012674
0.718223474849,-1.09685423537,-0.604361524382,1.43131193734,0.438163012674
0.721690032351,-1.09685423537,-0.604361524382,1.46818315394,0.438163012674
0.725156589854,-1.09685423537,-0.604361524382,1.43474620624,0.438163012674
0.711290359844,0.910691145495,-0.604361524382,-0.872591881186,0.438163012674
0.707823802341,0.913291592879,-0.604361524382,-0.872591881186,0.438163012674
0.704357244839,-1.09685423537,1.6566100452,1.14702240345,-1.68458789339
0.700890687336,0.911691317566,-0.604361524382,1.33824702422,0.438163012674
0.697424129834,0.910691145495,-0.604361524382,-0.872591881186,0.438163012674
0.693957572332,0.910691145495,-0.604361524382,-0.745674888955,-3.80733879945
0.690491014829,-1.09685423537,1.65593519546,0.846165352586,0.438163012674
0.687024457327,-1.09685423537,1.65638509529,0.503380029828,0.438163012674
0.683557899824,-1.09685423537,1.65593519546,-0.835456490061,0.438163012674
0.680091342322,-1.09685423537,1.65368569634,0.598596078416,0.438163012674
0.676624784819,-1.09685423537,-0.604361524382,1.13000201585,0.438163012674
0.673158227317,-1.09685423537,1.6566100452,-0.509163205841,-3.80733879945
0.669691669814,-1.09685423537,-0.604361524382,1.39444072075,0.438163012674
0.666225112312,-1.09685423537,1.65593519546,0.757289492728,0.438163012674
0.662758554809,-1.09685423537,1.65593519546,0.877979513886,0.438163012674
0.655825439804,0.910291076666,-0.604361524382,-0.872591881186,0.438163012674
0.659291997307,-1.09685423537,1.65278589669,0.996895791769,-1.68458789339
0.6488923248,0.910291076666,-0.604361524382,-0.872591881186,0.438163012674
0.652358882302,0.910291076666,-0.604361524382,-0.872591881186,0.438163012674
0.641959209795,-1.09685423537,-0.604361524382,1.3704385777,0.438163012674
0.631559537287,0.911291248737,-0.604361524382,-0.872591881186,0.438163012674
0.63502609479,0.913891696122,-0.604361524382,-0.872591881186,0.438163012674
0.638492652292,0.913891696122,-0.604361524382,-0.872591881186,0.438163012674
0.628092979785,0.911291248737,-0.604361524382,-0.872591881186,0.438163012674
0.624626422282,-1.09685423537,1.65638509529,0.380123741804,0.438163012674
0.62115986478,-1.09685423537,1.65593519546,1.27446774474,0.438163012674
0.617693307277,0.911691317566,-0.604361524382,0.759063236003,0.438163012674
0.614226749775,-1.09685423537,1.65593519546,0.770535958465,0.438163012674
0.600360519765,-1.09685423537,-0.604361524382,1.28137402175,0.438163012674
0.603827077268,-1.09685423537,-0.604361524382,1.20615975904,0.438163012674
0.60729363477,-1.09685423537,-0.604361524382,1.05863715344,0.438163012674
0.610760192272,-1.09685423537,-0.604361524382,1.14064447551,0.438163012674
0.596893962263,-1.09685423537,1.65593519546,1.17687412538,0.438163012674
0.59342740476,-1.09685423537,1.65616014537,0.584821263618,0.438163012674
0.586494289755,0.912491455223,-0.604361524382,-0.872591881186,0.438163012674
0.589960847258,0.912491455223,-0.604361524382,-0.872591881186,0.438163012674
0.583027732253,-1.09685423537,1.65593519546,0.864808526586,0.438163012674
0.57956117475,-1.09685423537,1.65593519546,1.33073691971,0.438163012674
0.572628059745,0.910291076666,-0.604361524382,-0.872591881186,0.438163012674
0.576094617248,0.910291076666,-0.604361524382,-0.872591881186,0.438163012674
0.56569494474,0.910291076666,-0.604361524382,-0.872591881186,0.438163012674
0.569161502243,0.910691145495,-0.604361524382,-0.872591881186,0.438163012674
0.562228387238,-1.09685423537,1.65593519546,0.726154637363,0.438163012674
0.555295272233,0.913691661708,-0.604361524382,-0.872591881186,0.438163012674
0.558761829736,0.912491455223,-0.604361524382,-0.872591881186,0.438163012674
0.548362157228,0.912491455223,-0.604361524382,-0.872591881186,0.438163012674
0.551828714731,0.910691145495,-0.604361524382,-0.872591881186,0.438163012674
0.544895599726,-1.09685423537,1.65323579651,1.40195082526,-1.68458789339
0.541429042223,0.910691145495,-0.604361524382,-0.872591881186,0.438163012674
0.534495927218,0.910691145495,-0.604361524382,-0.872591881186,0.438163012674
0.537962484721,0.912491455223,-0.604361524382,-0.872591881186,0.438163012674
0.531029369716,-1.09685423537,1.65593519546,0.761742720525,0.438163012674
0.527562812213,0.913291592879,-0.604361524382,-0.872591881186,0.438163012674
0.524096254711,-1.09685423537,1.65593519546,1.16645810104,0.438163012674
0.517163139706,0.910291076666,-0.604361524382,-0.872591881186,0.438163012674
0.520629697208,0.910291076666,-0.604361524382,-0.872591881186,0.438163012674
0.513696582204,-1.09685423537,1.65593519546,1.08709252428,0.438163012674
0.506763467199,0.913291592879,-0.604361524382,-0.872591881186,0.438163012674
0.510230024701,0.913291592879,-0.604361524382,-0.872591881186,0.438163012674
0.503296909696,0.913291592879,-0.604361524382,-0.872591881186,0.438163012674
0.496363794691,0.910891179909,-0.604361524382,-0.872591881186,0.438163012674
0.499830352194,0.913291592879,-0.604361524382,-0.872591881186,0.438163012674
0.485964122184,-1.09685423537,-0.604361524382,1.14060673629,0.438163012674
0.489430679686,-1.09685423537,-0.604361524382,1.15026797625,0.438163012674
0.492897237189,-1.09685423537,-0.604361524382,1.16774123448,0.438163012674
0.479031007179,0.912091386394,-0.604361524382,-0.872591881186,0.438163012674
0.482497564681,0.912091386394,-0.604361524382,-0.872591881186,0.438163012674
0.475564449676,0.910291076666,-0.604361524382,-0.872591881186,0.438163012674
0.472097892174,0.910291076666,-0.604361524382,-0.872591881186,0.438163012674
0.444365432154,-1.09685423537,-0.604361524382,1.19370581689,0.438163012674
0.447831989657,-1.09685423537,-0.604361524382,1.59600588742,0.438163012674
0.451298547159,-1.09685423537,-0.604361524382,1.04014493631,0.438163012674
0.454765104662,-1.09685423537,-0.604361524382,1.02814386479,0.438163012674
0.458231662164,-1.09685423537,-0.604361524382,1.08501686725,0.438163012674
0.461698219667,0.910291076666,-0.604361524382,-0.872591881186,0.438163012674
0.465164777169,-1.09685423537,-0.604361524382,1.44221857153,0.438163012674
0.468631334672,-1.09685423537,-0.604361524382,1.318358456,0.438163012674
0.437432317149,0.913691661708,-0.604361524382,-0.872591881186,0.438163012674
0.440898874652,-1.09685423537,-0.604361524382,1.58838256526,0.438163012674
0.427032644642,0.913291592879,-0.604361524382,-0.872591881186,0.438163012674
0.430499202144,0.913291592879,-0.604361524382,-0.872591881186,0.438163012674
0.433965759647,0.913291592879,-0.604361524382,-0.872591881186,0.438163012674
0.42356608714,0.913291592879,-0.604361524382,-0.872591881186,0.438163012674
0.416632972135,0.913291592879,-0.604361524382,-0.872591881186,0.438163012674
0.420099529637,0.912091386394,-0.604361524382,-0.872591881186,0.438163012674
0.413166414632,0.910291076666,-0.604361524382,-0.872591881186,0.438163012674
0.406233299627,0.913891696122,-0.604361524382,-0.872591881186,0.438163012674
0.40969985713,0.913891696122,-0.604361524382,-0.872591881186,0.438163012674
0.402766742125,0.913291592879,-0.604361524382,-0.872591881186,0.438163012674
0.39583362712,0.910291076666,-0.604361524382,-0.872591881186,0.438163012674
0.399300184622,0.910291076666,-0.604361524382,-0.872591881186,0.438163012674
0.392367069617,0.912491455223,-0.604361524382,-0.872591881186,0.438163012674
0.388900512115,0.910491111081,-0.604361524382,-0.788773076623,-3.80733879945
0.38196739711,-1.09685423537,1.65593519546,1.39421428544,0.438163012674
0.385433954612,0.910291076666,-0.604361524382,-0.872591881186,0.438163012674
0.378500839608,0.912491455223,-0.604361524382,-0.872591881186,0.438163012674
0.371567724603,0.913291592879,-0.604361524382,-0.872591881186,0.438163012674
0.375034282105,0.911091214323,-0.604361524382,-0.872591881186,0.438163012674
0.3681011671,-1.09685423537,1.65593519546,0.542289164229,0.438163012674
0.364634609598,-1.09685423537,1.65593519546,0.715965048335,0.438163012674
0.361168052095,0.91189135198,-0.604361524382,-0.872591881186,0.438163012674
0.357701494593,-1.09685423537,1.65593519546,1.15494763936,0.438163012674
0.343835264583,0.910291076666,-0.604361524382,-0.872591881186,0.438163012674
0.347301822085,0.913691661708,-0.604361524382,-0.872591881186,0.438163012674
0.350768379588,0.912491455223,-0.604361524382,-0.872591881186,0.438163012674
0.35423493709,0.912491455223,-0.604361524382,-0.872591881186,0.438163012674
0.333435592076,0.913691661708,-0.604361524382,-0.872591881186,0.438163012674
0.336902149578,0.913691661708,-0.604361524382,-0.872591881186,0.438163012674
0.340368707081,-1.09685423537,1.65593519546,1.31273531243,0.438163012674
0.329969034573,-1.09685423537,-0.604361524382,1.53452870028,0.438163012674
0.316102804563,0.913291592879,-0.604361524382,-0.872591881186,0.438163012674
0.319569362066,-1.09685423537,-0.604361524382,1.55562492349,0.438163012674
0.323035919568,-1.09685423537,-0.604361524382,1.11985016604,0.438163012674
0.326502477071,-1.09685423537,-0.604361524382,1.03267257102,0.438163012674
0.295303459549,-1.09685423537,-0.604361524382,1.41100823772,0.438163012674
0.298770017051,-1.09685423537,-0.604361524382,1.53018869014,0.438163012674
0.302236574553,-1.09685423537,-0.604361524382,1.53864227511,0.438163012674
0.305703132056,-1.09685423537,-0.604361524382,1.26801433836,0.438163012674
0.309169689558,-1.09685423537,-0.604361524382,1.10966057702,0.438163012674
0.312636247061,0.913291592879,-0.604361524382,-0.872591881186,0.438163012674
0.291836902046,-1.09685423537,1.65278589669,1.27537348599,0.438163012674
0.288370344544,0.910291076666,-0.604361524382,-0.872591881186,0.438163012674
0.284903787041,-1.09685423537,1.65593519546,0.89515085836,0.438163012674
0.281437229539,0.913891696122,-0.604361524382,-0.872591881186,0.438163012674
0.274504114534,-1.09685423537,1.65593519546,1.03784284398,0.438163012674
0.277970672036,-1.09685423537,1.65593519546,0.768799954408,0.438163012674
0.267570999529,0.913691661708,-0.604361524382,-0.872591881186,0.438163012674
0.271037557031,-1.09685423537,1.65593519546,1.4062908354,0.438163012674
0.257171327021,0.911291248737,-0.604361524382,-0.872591881186,0.438163012674
0.260637884524,0.910291076666,-0.604361524382,-0.872591881186,0.438163012674
0.264104442026,0.910291076666,-0.604361524382,-0.872591881186,0.438163012674
0.239838539509,0.913291592879,-0.604361524382,-0.872591881186,0.438163012674
0.243305097012,0.913291592879,-0.604361524382,-0.872591881186,0.438163012674
0.246771654514,0.913291592879,-0.604361524382,-0.872591881186,0.438163012674
0.250238212017,0.913291592879,-0.604361524382,-0.872591881186,0.438163012674
0.253704769519,-1.09685423537,1.65593519546,0.41669304465,0.438163012674
0.236371982007,0.910291076666,-0.604361524382,-0.872591881186,0.438163012674
0.232905424504,0.910291076666,-0.604361524382,-0.872591881186,0.438163012674
0.229438867002,-1.09685423537,1.65593519546,0.707398245707,0.438163012674
0.219039194494,-1.09685423537,-0.604361524382,0.996141007396,0.438163012674
0.222505751997,-1.09685423537,-0.604361524382,1.39734664058,0.438163012674
0.225972309499,-1.09685423537,-0.604361524382,0.990253689291,0.438163012674
0.208639521987,0.913291592879,-0.604361524382,-0.872591881186,0.438163012674
0.212106079489,0.913291592879,-0.604361524382,-0.872591881186,0.438163012674
0.215572636992,-1.09685423537,-0.604361524382,0.849222229295,0.438163012674
0.201706406982,0.913491627294,-0.604361524382,-0.872591881186,0.438163012674
0.205172964485,0.913491627294,-0.604361524382,-0.872591881186,0.438163012674
0.19823984948,-1.09685423537,1.65593519546,1.21570778135,0.438163012674
0.191306734475,0.911091214323,-0.604361524382,-0.872591881186,0.438163012674
0.194773291977,0.911091214323,-0.604361524382,-0.872591881186,0.438163012674
0.187840176972,-1.09685423537,1.65616014537,1.487354677,-1.68458789339
0.18437361947,0.913291592879,-0.604361524382,-0.872591881186,0.438163012674
0.173973946962,0.913291592879,-0.604361524382,-0.872591881186,0.438163012674
0.177440504465,-1.09685423537,-0.604361524382,1.07120431324,0.438163012674
0.180907061967,-1.09685423537,-0.604361524382,1.12132199557,0.438163012674
0.167040831957,0.910691145495,-0.604361524382,-0.872591881186,0.438163012674
0.17050738946,0.913291592879,-0.604361524382,-0.872591881186,-3.80733879945
0.15664115945,0.910691145495,-0.604361524382,-0.872591881186,0.438163012674
0.160107716953,0.910291076666,-0.604361524382,-0.872591881186,0.438163012674
0.163574274455,0.910291076666,-0.604361524382,-0.872591881186,0.438163012674
0.153174601948,0.910291076666,-0.604361524382,-0.872591881186,0.438163012674
0.149708044445,-1.09685423537,1.65616014537,1.43618029655,-1.68458789339
0.146241486943,-1.09685423537,1.65593519546,0.979233837453,0.438163012674
0.14277492944,0.910291076666,-0.604361524382,-0.872591881186,0.438163012674
0.139308371938,-1.09685423537,1.65593519546,1.28526116127,0.438163012674
0.132375256933,0.910291076666,-0.604361524382,-0.872591881186,0.438163012674
0.135841814435,0.910291076666,-0.604361524382,-0.872591881186,0.438163012674
0.125442141928,-1.09685423537,-0.604361524382,1.49007190074,0.438163012674
0.12890869943,-1.09685423537,-0.604361524382,1.52154640907,0.438163012674
0.121975584425,-1.09685423537,-0.604361524382,1.51894240299,0.438163012674
0.115042469421,0.913691661708,-0.604361524382,-0.872591881186,0.438163012674
0.118509026923,0.910291076666,-0.604361524382,-0.872591881186,0.438163012674
0.0873100094009,0.913091558465,-0.604361524382,-0.872591881186,0.438163012674
0.0907765669033,-1.09685423537,-0.604361524382,1.16249548309,0.438163012674
0.0942431244058,-1.09685423537,-0.604361524382,1.06312812045,0.438163012674
0.0977096819082,-1.09685423537,-0.604361524382,0.9894611657,0.438163012674
0.101176239411,-1.09685423537,-0.604361524382,1.3388131125,0.438163012674
0.104642796913,-1.09685423537,-0.604361524382,1.31790558538,0.438163012674
0.108109354416,0.913891696122,-0.604361524382,-0.872591881186,0.438163012674
0.111575911918,-1.09685423537,-0.604361524382,1.0310120454,0.438163012674
0.0838434518984,-1.09685423537,1.65593519546,0.42190105682,0.438163012674
0.0769103368935,0.910291076666,-0.604361524382,-0.872591881186,0.438163012674
0.0803768943959,0.910291076666,-0.604361524382,-0.872591881186,0.438163012674
0.073443779391,0.910291076666,-0.604361524382,-0.872591881186,0.438163012674
0.0699772218886,-1.09685423537,1.65593519546,1.2383135733,0.438163012674
0.0665106643861,0.913291592879,-0.604361524382,-0.872591881186,0.438163012674
0.0630441068836,0.911491283152,-0.604361524382,-0.872591881186,0.438163012674
0.0595775493812,0.913891696122,-0.604361524382,-0.872591881186,0.438163012674
0.0561109918787,0.910691145495,-0.604361524382,-0.872591881186,0.438163012674
0.0526444343763,0.913291592879,-0.604361524382,-0.872591881186,0.438163012674
0.0491778768738,0.910291076666,-0.604361524382,-0.872591881186,0.438163012674
0.0422447618689,-1.09685423537,1.65526034572,1.57932515279,-1.68458789339
0.0457113193713,-1.09685423537,1.65593519546,1.00984034376,0.438163012674
0.0387782043664,0.911691317566,-0.604361524382,0.895226336797,0.438163012674
0.028378531859,0.913691661708,-0.604361524382,-0.872591881186,0.438163012674
0.0318450893615,0.911091214323,-0.604361524382,-0.872591881186,0.438163012674
0.0353116468639,0.910691145495,-0.604361524382,-0.872591881186,0.438163012674
0.0249119743566,0.910291076666,-0.604361524382,-0.872591881186,0.438163012674
0.0145123018492,0.913691661708,-0.604361524382,-0.872591881186,0.438163012674
0.0179788593516,0.913691661708,-0.604361524382,-0.872591881186,0.438163012674
0.0214454168541,0.910291076666,-0.604361524382,-0.872591881186,0.438163012674
0.00757918684426,0.913691661708,-0.604361524382,-0.872591881186,0.438163012674
0.0110457443467,0.910291076666,-0.604361524382,-0.872591881186,0.438163012674
0.000646071839338,0.912491455223,-0.604361524382,-0.872591881186,0.438163012674
0.0041126293418,0.913691661708,-0.604361524382,-0.872591881186,0.438163012674
-0.00282048566312,-1.09685423537,1.65278589669,1.4976952229,-1.68458789339
-0.00628704316558,-1.09685423537,1.65593519546,0.917266040473,0.438163012674
-0.0132201581705,0.910291076666,-0.604361524382,-0.872591881186,0.438163012674
-0.00975360066804,0.910291076666,-0.604361524382,-0.872591881186,0.438163012674
-0.016686715673,0.913291592879,-0.604361524382,-0.872591881186,0.438163012674
-0.0236198306779,0.910291076666,-0.604361524382,-0.872591881186,0.438163012674
-0.0201532731754,0.910291076666,-0.604361524382,-0.872591881186,0.438163012674
-0.0270863881803,-1.09685423537,1.65593519546,0.560668163699,0.438163012674
-0.0305529456828,-1.09685423537,1.65593519546,1.02867221385,0.438163012674
-0.0582854057025,0.910291076666,-0.604361524382,-0.872591881186,0.438163012674
-0.0548188482,-1.09685423537,-0.604361524382,1.12913401383,0.438163012674
-0.0513522906976,-1.09685423537,-0.604361524382,1.09094192458,0.438163012674
-0.0478857331951,-1.09685423537,-0.604361524382,1.05776915141,0.438163012674
-0.0444191756927,-1.09685423537,-0.604361524382,1.36794778928,0.438163012674
-0.0409526181902,-1.09685423537,-0.604361524382,1.13558742021,0.438163012674
-0.0374860606877,-1.09685423537,-0.604361524382,1.35458810588,0.438163012674
-0.0340195031853,-1.09685423537,-0.604361524382,0.988781859765,0.438163012674
-0.0652185207074,-1.09685423537,1.65593519546,0.393068293792,0.438163012674
-0.061751963205,0.910291076666,-0.604361524382,-0.872591881186,0.438163012674
-0.0686850782099,-1.09685423537,1.65593519546,1.00504746299,0.438163012674
-0.0721516357123,-1.09685423537,1.65593519546,1.00123580191,0.438163012674
-0.0929509807271,-1.09685423537,-0.604361524382,1.02255846043,0.438163012674
-0.0894844232246,-1.09685423537,-0.604361524382,1.50965855521,0.438163012674
-0.0860178657222,-1.09685423537,-0.604361524382,0.565121391497,0.438163012674
-0.0825513082197,-1.09685423537,-0.604361524382,0.98096984151,0.438163012674
-0.0790847507173,0.910691145495,-0.604361524382,-0.872591881186,0.438163012674
-0.0756181932148,0.910691145495,-0.604361524382,-0.872591881186,0.438163012674
-0.0964175382296,-1.09685423537,-0.604361524382,0.995423962242,0.438163012674
-0.103350653234,0.910291076666,-0.604361524382,-0.872591881186,0.438163012674
-0.099884095732,0.913091558465,-0.604361524382,-0.872591881186,0.438163012674
-0.113750325742,0.910291076666,-0.604361524382,-0.872591881186,0.438163012674
-0.110283768239,0.910291076666,-0.604361524382,-0.872591881186,0.438163012674
-0.106817210737,-1.09685423537,1.65593519546,1.12396374087,0.438163012674
-0.124149998249,-1.09685423537,1.65593519546,0.853864153185,0.438163012674
-0.120683440747,0.910291076666,-0.604361524382,-0.872591881186,0.438163012674
-0.117216883244,0.910291076666,-0.604361524382,-0.872591881186,0.438163012674
-0.127616555752,0.910291076666,-0.604361524382,-0.872591881186,0.438163012674
-0.131083113254,-1.09685423537,1.65593519546,0.754421312112,0.438163012674
-0.138016228259,0.91189135198,-0.604361524382,-0.872591881186,0.438163012674
-0.134549670757,0.91189135198,-0.604361524382,-0.872591881186,0.438163012674
-0.158815573274,-1.09685423537,-0.604361524382,0.405975106561,0.438163012674
-0.155349015771,-1.09685423537,-0.604361524382,1.26299502228,0.438163012674
-0.151882458269,-1.09685423537,-0.604361524382,1.35024809574,0.438163012674
-0.148415900766,0.91189135198,-0.604361524382,-0.872591881186,0.438163012674
-0.144949343264,0.91189135198,-0.604361524382,-0.872591881186,0.438163012674
-0.141482785762,-1.09685423537,-0.604361524382,1.51388534769,0.438163012674
-0.162282130776,0.911291248737,-0.604361524382,-0.872591881186,0.438163012674
-0.169215245781,-1.09685423537,1.65593519546,0.91432238142,0.438163012674
-0.165748688279,-1.09685423537,1.65593519546,0.921266397647,0.438163012674
-0.172681803284,-1.09685423537,-0.604361524382,1.27873227645,0.438163012674
-0.179614918289,-1.09685423537,-0.604361524382,1.12973784132,0.438163012674
-0.176148360786,-1.09685423537,-0.604361524382,1.36228690648,0.438163012674
-0.183081475791,0.910291076666,-0.604361524382,-0.872591881186,0.438163012674
-0.186548033294,-1.09685423537,1.65593519546,1.05327818439,0.438163012674
-0.203880820806,0.910291076666,-0.604361524382,-0.872591881186,0.438163012674
-0.200414263303,0.912891524051,-0.604361524382,-0.872591881186,0.438163012674
-0.196947705801,0.913291592879,-0.604361524382,-0.872591881186,0.438163012674
-0.193481148298,0.913291592879,-0.604361524382,-0.872591881186,0.438163012674
-0.190014590796,0.910291076666,-0.604361524382,-0.872591881186,0.438163012674
-0.214280493313,0.910291076666,-0.604361524382,-0.872591881186,0.438163012674
-0.210813935811,-1.09685423537,1.65278589669,1.11634041871,-1.68458789339
-0.207347378308,-1.09685423537,1.65278589669,1.11634041871,-1.68458789339
-0.217747050816,0.910291076666,-0.604361524382,-0.872591881186,0.438163012674
-0.221213608318,-1.09685423537,1.65593519546,0.512022310893,0.438163012674
-0.224680165821,-1.09685423537,1.65593519546,1.41844286379,0.438163012674
-0.228146723323,0.910291076666,-0.604361524382,-0.872591881186,0.438163012674
-0.235079838328,0.912491455223,-0.604361524382,-0.872591881186,0.438163012674
-0.231613280826,0.912491455223,-0.604361524382,-0.872591881186,0.438163012674
-0.23854639583,0.912491455223,-0.604361524382,-0.872591881186,0.438163012674
-0.242012953333,-1.09685423537,1.65593519546,1.24340836782,0.438163012674
-0.248946068338,-1.09685423537,1.65638509529,-0.54018484355,-3.80733879945
-0.245479510835,0.911491283152,-0.604361524382,-0.872591881186,0.438163012674
-0.25241262584,0.910291076666,-0.604361524382,-0.872591881186,0.438163012674
-0.259345740845,-1.09685423537,1.65323579651,1.06418481857,-1.68458789339
-0.255879183343,0.911691317566,-0.604361524382,0.994631438651,0.438163012674
-0.26627885585,0.910291076666,-0.604361524382,-0.872591881186,0.438163012674
-0.262812298348,-1.09685423537,-0.604361524382,1.17781760585,0.438163012674
-0.273211970855,0.910291076666,-0.604361524382,-0.872591881186,0.438163012674
-0.269745413353,0.910291076666,-0.604361524382,-0.872591881186,0.438163012674
-0.287078200865,0.910291076666,-0.604361524382,-0.872591881186,0.438163012674
-0.283611643362,0.910291076666,-0.604361524382,-0.872591881186,0.438163012674
-0.28014508586,0.910291076666,-0.604361524382,-0.872591881186,0.438163012674
-0.276678528358,0.910291076666,-0.604361524382,-0.872591881186,0.438163012674
-0.290544758367,0.913291592879,-0.604361524382,-0.872591881186,0.438163012674
-0.29401131587,0.910691145495,-0.604361524382,-0.872591881186,0.438163012674
-0.297477873372,-1.09685423537,1.65616014537,-0.656195201599,-3.80733879945
-0.300944430875,0.910291076666,-0.604361524382,-0.872591881186,0.438163012674
-0.304410988377,-1.09685423537,1.65593519546,0.573612715687,0.438163012674
-0.30787754588,-1.09685423537,1.65278589669,0.818577983772,-1.68458789339
-0.314810660885,0.910291076666,-0.604361524382,-0.872591881186,0.438163012674
-0.311344103382,0.910291076666,-0.604361524382,-0.872591881186,0.438163012674
-0.32174377589,0.913291592879,-0.604361524382,-0.872591881186,0.438163012674
-0.318277218387,0.913291592879,-0.604361524382,-0.872591881186,0.438163012674
-0.332143448397,0.913691661708,-0.604361524382,-0.872591881186,0.438163012674
-0.328676890894,0.913691661708,-0.604361524382,-0.872591881186,0.438163012674
-0.325210333392,-1.09685423537,1.65593519546,0.560139814638,0.438163012674
-0.335610005899,-1.09685423537,1.65616014537,1.5576628413,0.438163012674
-0.339076563402,0.910291076666,-0.604361524382,-0.872591881186,0.438163012674
-0.342543120904,-1.09685423537,-0.604361524382,1.40768718649,0.438163012674
-0.346009678407,-1.09685423537,1.65278589669,1.13064358257,-1.68458789339
-0.363342465919,-1.09685423537,-0.604361524382,1.29677162295,0.438163012674
-0.359875908417,-1.09685423537,-0.604361524382,0.93379581823,0.438163012674
-0.356409350914,-1.09685423537,-0.604361524382,1.4247453133,0.438163012674
-0.352942793412,-1.09685423537,-0.604361524382,1.10003707627,0.438163012674
-0.349476235909,-1.09685423537,-0.604361524382,0.982026539631,0.438163012674
-0.366809023422,0.91189135198,-0.604361524382,-0.872591881186,0.438163012674
-0.370275580924,0.911691317566,-0.604361524382,0.899755043032,-1.68458789339
-0.377208695929,0.910291076666,-0.604361524382,-0.872591881186,0.438163012674
-0.373742138426,0.913291592879,-0.604361524382,-0.788773076623,-3.80733879945
-0.380675253431,-1.09685423537,-0.604361524382,1.12456756837,0.438163012674
-0.384141810934,-1.09685423537,1.6566100452,1.07358188401,0.438163012674
-0.391074925939,-1.09685423537,1.65391064625,1.21616065197,-1.68458789339
-0.387608368436,-1.09685423537,1.65391064625,1.21616065197,-1.68458789339
-0.398008040944,-1.09685423537,1.65278589669,1.43255733156,-1.68458789339
-0.394541483441,-1.09685423537,1.65278589669,1.43255733156,-1.68458789339
-0.408407713451,0.913091558465,-0.604361524382,-0.872591881186,0.438163012674
-0.404941155949,-1.09685423537,1.65323579651,1.00500972377,-1.68458789339
-0.401474598446,0.911091214323,-0.604361524382,-0.872591881186,0.438163012674
-0.415340828456,0.910291076666,-0.604361524382,-0.872591881186,0.438163012674
-0.411874270954,0.910291076666,-0.604361524382,-0.872591881186,0.438163012674
-0.418807385958,0.910291076666,-0.604361524382,-0.872591881186,0.438163012674
-0.422273943461,0.913291592879,-0.604361524382,-0.872591881186,0.438163012674
-0.425740500963,0.911091214323,-0.604361524382,-0.872591881186,0.438163012674
-0.439606730973,0.911291248737,-0.604361524382,-0.872591881186,0.438163012674
-0.436140173471,0.911291248737,-0.604361524382,-0.872591881186,0.438163012674
-0.432673615968,-1.09685423537,-0.604361524382,1.39100645185,0.438163012674
-0.429207058466,-1.09685423537,-0.604361524382,1.16060852216,0.438163012674
-0.443073288476,0.911291248737,-0.604361524382,-0.858892544826,0.438163012674
-0.450006403481,0.910291076666,-0.604361524382,-0.872591881186,0.438163012674
-0.446539845978,0.910291076666,-0.604361524382,-0.872591881186,0.438163012674
-0.456939518485,0.91189135198,-0.604361524382,-0.872591881186,0.438163012674
-0.453472960983,0.91189135198,-0.604361524382,-0.872591881186,0.438163012674
-0.467339190993,-1.09685423537,1.65278589669,-0.509163205841,-3.80733879945
-0.46387263349,0.912091386394,-0.604361524382,-0.872591881186,0.438163012674
-0.460406075988,0.912091386394,-0.604361524382,-0.872591881186,0.438163012674
-0.481205421003,0.912491455223,-0.604361524382,-0.872591881186,0.438163012674
-0.4777388635,0.910291076666,-0.604361524382,-0.872591881186,0.438163012674
-0.474272305998,0.910291076666,-0.604361524382,-0.872591881186,0.438163012674
-0.470805748495,0.910291076666,-0.604361524382,-0.872591881186,0.438163012674
-0.484671978505,0.910291076666,-0.604361524382,-0.872591881186,0.438163012674
-0.488138536008,0.910291076666,-0.604361524382,-0.872591881186,0.438163012674
-0.502004766017,0.910691145495,-0.604361524382,-0.872591881186,0.438163012674
-0.498538208515,0.910691145495,-0.604361524382,-0.872591881186,0.438163012674
-0.495071651013,0.913291592879,-0.604361524382,-0.872591881186,0.438163012674
-0.49160509351,0.910891179909,-0.604361524382,-0.872591881186,0.438163012674
-0.50547132352,0.913691661708,-0.604361524382,-0.872591881186,0.438163012674
-0.515870996027,-1.09685423537,1.65616014537,0.820049813299,0.438163012674
-0.512404438525,-1.09685423537,1.65616014537,0.820049813299,-1.68458789339
-0.508937881022,-1.09685423537,1.65616014537,0.820049813299,-1.68458789339
-0.522804111032,-1.09685423537,1.65683499511,1.59653423648,-1.68458789339
-0.51933755353,-1.09685423537,1.65683499511,1.59653423648,-1.68458789339
-0.53320378354,0.91189135198,-0.604361524382,-0.872591881186,0.438163012674
-0.529737226037,-1.09685423537,1.65458549599,0.744646854489,-1.68458789339
-0.526270668535,-1.09685423537,1.65458549599,0.744646854489,-1.68458789339
-0.536670341042,-1.09685423537,1.65526034572,1.5959681482,-1.68458789339
-0.540136898545,-1.09685423537,1.6566100452,1.36466447726,-1.68458789339
-0.547070013549,0.913291592879,-0.604361524382,-0.872591881186,-3.80733879945
-0.543603456047,0.913491627294,-0.604361524382,-0.872591881186,0.438163012674
-0.557469686057,0.913291592879,-0.604361524382,-0.872591881186,0.438163012674
-0.554003128554,0.913291592879,-0.604361524382,-0.872591881186,0.438163012674
-0.550536571052,-1.09685423537,1.65616014537,-0.278312405521,-1.68458789339
-0.560936243559,0.913291592879,-0.604361524382,-0.872591881186,0.438163012674
-0.564402801062,0.912891524051,-0.604361524382,1.42640583892,0.438163012674
-0.585202146077,-1.09685423537,-0.604361524382,1.26503294009,0.438163012674
-0.581735588574,-1.09685423537,-0.604361524382,1.2066881081,0.438163012674
-0.578269031072,-1.09685423537,-0.604361524382,1.07875215696,0.438163012674
-0.574802473569,-1.09685423537,-0.604361524382,1.27352426428,0.438163012674
-0.571335916067,-1.09685423537,-0.604361524382,1.15109823906,0.438163012674
-0.567869358564,-1.09685423537,-0.604361524382,1.55309639584,0.438163012674
-0.588668703579,-1.09685423537,-0.604361524382,1.02870995307,0.438163012674
-0.606001491091,0.910291076666,-0.604361524382,-0.872591881186,0.438163012674
-0.602534933589,0.911091214323,-0.604361524382,-0.872591881186,0.438163012674
-0.599068376086,0.911091214323,-0.604361524382,-0.872591881186,0.438163012674
-0.595601818584,0.911291248737,-0.604361524382,-0.872591881186,0.438163012674
-0.592135261081,0.911291248737,-0.604361524382,-0.872591881186,0.438163012674
-0.609468048594,0.913891696122,-0.604361524382,-0.872591881186,0.438163012674
-0.619867721101,0.913291592879,-0.604361524382,-0.872591881186,0.438163012674
-0.616401163599,0.910291076666,-0.604361524382,-0.872591881186,0.438163012674
-0.612934606096,0.910291076666,-0.604361524382,-0.872591881186,0.438163012674
-0.623334278604,-1.09685423537,1.65526034572,0.983196455408,0.438163012674
-0.626800836106,0.913291592879,-0.604361524382,-0.872591881186,0.438163012674
-0.630267393609,0.912891524051,-0.604361524382,-0.570678132198,-3.80733879945
-0.637200508613,0.910291076666,-0.604361524382,-0.872591881186,0.438163012674
-0.633733951111,0.910291076666,-0.604361524382,-0.872591881186,0.438163012674
-0.644133623618,0.912491455223,-0.604361524382,-0.872591881186,0.438163012674
-0.640667066116,0.912491455223,-0.604361524382,-0.872591881186,0.438163012674
-0.651066738623,0.913691661708,-0.604361524382,-0.872591881186,0.438163012674
-0.647600181121,0.913691661708,-0.604361524382,-0.872591881186,0.438163012674
-0.654533296126,0.913691661708,-0.604361524382,-0.872591881186,0.438163012674
-0.664932968633,0.910691145495,-0.604361524382,-0.872591881186,0.438163012674
-0.661466411131,0.910691145495,-0.604361524382,-0.872591881186,0.438163012674
-0.657999853628,0.913291592879,-0.604361524382,-0.872591881186,-3.80733879945
-0.671866083638,-1.09685423537,1.65458549599,1.07731806666,0.438163012674
-0.668399526136,0.913691661708,-0.604361524382,-0.872591881186,0.438163012674
-0.678799198643,0.913691661708,-0.604361524382,-0.872591881186,0.438163012674
-0.675332641141,0.913691661708,-0.604361524382,-0.872591881186,0.438163012674
-0.682265756145,0.910291076666,-0.604361524382,-0.872591881186,0.438163012674
-0.68919887115,0.911091214323,-0.604361524382,-0.872591881186,0.438163012674
-0.685732313648,0.911091214323,-0.604361524382,-0.872591881186,0.438163012674
-0.692665428653,0.913891696122,-0.604361524382,-0.872591881186,0.438163012674
-0.73079756118,-1.09685423537,-0.604361524382,0.697133178242,0.438163012674
-0.727331003677,-1.09685423537,-0.604361524382,1.00976486532,0.438163012674
-0.723864446175,-1.09685423537,-0.604361524382,1.23552087113,0.438163012674
-0.720397888673,-1.09685423537,-0.604361524382,1.19551729938,0.438163012674
-0.71693133117,-1.09685423537,-0.604361524382,1.3349637122,0.438163012674
-0.713464773668,-1.09685423537,-0.604361524382,1.33194457471,0.438163012674
-0.709998216165,-1.09685423537,-0.604361524382,1.38330765126,0.438163012674
-0.706531658663,-1.09685423537,-0.604361524382,1.1781195196,0.438163012674
-0.70306510116,-1.09685423537,-0.604361524382,0.484434942079,0.438163012674
-0.699598543658,-1.09685423537,-0.604361524382,1.07931824524,0.438163012674
-0.696131986155,-1.09685423537,-0.604361524382,1.54702038164,0.438163012674
-0.741197233687,-1.09685423537,1.65593519546,1.20015922328,0.438163012674
-0.737730676185,-1.09685423537,-0.604361524382,1.34270025202,0.438163012674
-0.734264118682,-1.09685423537,-0.604361524382,1.51645161456,0.438163012674
-0.761996578702,-1.09685423537,-0.604361524382,0.986555245866,0.438163012674
-0.7585300212,-1.09685423537,-0.604361524382,0.617050556323,0.438163012674
-0.755063463697,-1.09685423537,-0.604361524382,1.08509234569,0.438163012674
-0.751596906195,-1.09685423537,-0.604361524382,1.07667649994,0.438163012674
-0.748130348692,-1.09685423537,-0.604361524382,1.31726401866,0.438163012674
-0.74466379119,-1.09685423537,-0.604361524382,1.03440857508,0.438163012674
-0.768929693707,-1.09685423537,1.65593519546,0.495530272355,0.438163012674
-0.765463136205,-1.09685423537,1.65593519546,0.538137850181,0.438163012674
-0.775862808712,0.913291592879,-0.604361524382,-0.872591881186,0.438163012674
-0.772396251209,-1.09685423537,1.65616014537,0.364688401387,0.438163012674
-0.782795923717,-1.09685423537,1.6566100452,1.34451173451,-1.68458789339
-0.779329366214,0.910291076666,-0.604361524382,-0.872591881186,0.438163012674
-0.789729038722,0.912491455223,-0.604361524382,-0.872591881186,0.438163012674
-0.786262481219,-1.09685423537,1.65593519546,1.29054465188,0.438163012674
-0.800128711229,0.912491455223,-0.604361524382,-0.872591881186,0.438163012674
-0.796662153727,0.910291076666,-0.604361524382,-0.872591881186,0.438163012674
-0.793195596224,0.913891696122,-0.604361524382,-0.872591881186,0.438163012674
-0.807061826234,0.910291076666,-0.604361524382,-0.872591881186,0.438163012674
-0.803595268732,0.913491627294,-0.604361524382,-0.872591881186,0.438163012674
-0.810528383737,0.910291076666,-0.604361524382,-0.872591881186,0.438163012674
-0.820928056244,-1.09685423537,1.65593519546,0.782612508424,0.438163012674
-0.817461498741,0.913291592879,-0.604361524382,-0.872591881186,0.438163012674
-0.813994941239,0.910291076666,-0.604361524382,-0.872591881186,0.438163012674
-0.824394613746,-1.09685423537,1.65593519546,0.966176067809,0.438163012674
-0.827861171249,0.913491627294,-0.604361524382,-0.872591881186,0.438163012674
-0.834794286254,0.910691145495,-0.604361524382,-0.872591881186,0.438163012674
-0.831327728751,0.913491627294,-0.604361524382,-0.872591881186,0.438163012674
-0.845193958761,0.910291076666,-0.604361524382,-0.872591881186,0.438163012674
-0.841727401259,0.910291076666,-0.604361524382,-0.872591881186,0.438163012674
-0.838260843756,0.913291592879,-0.604361524382,-0.872591881186,-3.80733879945
-0.852127073766,0.910691145495,-0.604361524382,-0.872591881186,0.438163012674
-0.848660516264,0.910691145495,-0.604361524382,-0.872591881186,0.438163012674
-0.855593631269,-1.09685423537,1.65683499511,1.28424220237,-1.68458789339
-0.859060188771,0.91189135198,-0.604361524382,-0.872591881186,0.438163012674
-0.869459861278,0.911491283152,-0.604361524382,-0.872591881186,0.438163012674
-0.865993303776,0.911491283152,-0.604361524382,-0.872591881186,0.438163012674
-0.862526746273,-1.09685423537,1.65593519546,1.02610594698,0.438163012674
-0.872926418781,0.910891179909,-0.604361524382,-0.872591881186,0.438163012674
-0.876392976283,-1.09685423537,1.65278589669,1.21608517353,-1.68458789339
-0.883326091288,-1.09685423537,1.65616014537,-0.745674888955,-3.80733879945
-0.879859533786,-1.09685423537,1.65278589669,1.21608517353,-1.68458789339
-0.886792648791,0.913891696122,-0.604361524382,-0.872591881186,0.438163012674
-0.893725763796,0.913891696122,-0.604361524382,-0.872591881186,0.438163012674
-0.890259206293,0.913891696122,-0.604361524382,-0.872591881186,0.438163012674
-0.924924781318,0.910291076666,-0.604361524382,-0.872591881186,0.438163012674
-0.921458223815,-1.09685423537,-0.604361524382,1.00478328846,0.438163012674
-0.917991666313,-1.09685423537,-0.604361524382,1.1357761163,0.438163012674
-0.91452510881,-1.09685423537,-0.604361524382,1.05067417831,0.438163012674
-0.911058551308,-1.09685423537,-0.604361524382,1.05022130768,0.438163012674
-0.907591993805,-1.09685423537,-0.604361524382,1.54668072868,0.438163012674
-0.904125436303,-1.09685423537,-0.604361524382,1.3430776442,0.438163012674
-0.9006588788,-1.09685423537,-0.604361524382,1.12675644305,0.438163012674
-0.897192321298,-1.09685423537,-0.604361524382,1.13690829286,0.438163012674
-0.94225756883,0.913291592879,-0.604361524382,-0.872591881186,0.438163012674
-0.938791011328,0.913691661708,-0.604361524382,-0.872591881186,0.438163012674
-0.935324453825,0.913291592879,-0.604361524382,-0.872591881186,-3.80733879945
-0.931857896323,0.910291076666,-0.604361524382,-0.872591881186,0.438163012674
-0.92839133882,-1.09685423537,1.65346074642,-0.530825517331,0.438163012674
-0.949190683835,0.913291592879,-0.604361524382,-0.872591881186,0.438163012674
-0.945724126332,0.913291592879,-0.604361524382,-0.872591881186,0.438163012674
-0.952657241337,0.910291076666,-0.604361524382,-0.872591881186,0.438163012674
-0.95612379884,0.910891179909,-0.604361524382,-0.872591881186,-3.80733879945
-0.959590356342,0.910291076666,-0.604361524382,-0.872591881186,0.438163012674
-0.963056913845,0.910291076666,-0.604361524382,-0.872591881186,0.438163012674
-0.966523471347,-1.09685423537,-0.604361524382,1.00082067051,0.438163012674
-0.96999002885,0.913691661708,-0.604361524382,-0.872591881186,0.438163012674
-0.980389701357,-1.09685423537,1.65593519546,0.44054423082,0.438163012674
-0.976923143855,0.910291076666,-0.604361524382,-0.872591881186,0.438163012674
-0.973456586352,0.910291076666,-0.604361524382,-0.872591881186,0.438163012674
-0.990789373864,0.910291076666,-0.604361524382,-0.872591881186,0.438163012674
-0.987322816362,0.91189135198,-0.604361524382,-0.872591881186,0.438163012674
-0.98385625886,0.91189135198,-0.604361524382,-0.872591881186,0.438163012674
-0.994255931367,0.910291076666,-0.604361524382,-0.872591881186,0.438163012674
-1.00465560387,-1.09685423537,1.65278589669,-0.809907039053,-3.80733879945
-1.00118904637,0.910291076666,-0.604361524382,-0.872591881186,0.438163012674
-0.997722488869,0.910291076666,-0.604361524382,-0.872591881186,0.438163012674
-1.01852183388,0.910291076666,-0.604361524382,-0.872591881186,0.438163012674
-1.01505527638,0.911491283152,-0.604361524382,-0.872591881186,0.438163012674
-1.01158871888,0.911491283152,-0.604361524382,-0.872591881186,0.438163012674
-1.00812216138,0.910291076666,-0.604361524382,-0.872591881186,0.438163012674
-1.02198839139,0.912491455223,-0.604361524382,-0.872591881186,0.438163012674
-1.02545494889,0.910291076666,-0.604361524382,-0.872591881186,0.438163012674
-1.02892150639,0.910291076666,-0.604361524382,-0.872591881186,0.438163012674
-1.0358546214,-1.09685423537,1.65638509529,1.14683370736,-1.68458789339
-1.03238806389,-1.09685423537,1.65278589669,1.12094460338,-1.68458789339
-1.04972085141,0.913691661708,-0.604361524382,-0.872591881186,0.438163012674
-1.0462542939,0.913691661708,-0.604361524382,-0.872591881186,0.438163012674
-1.0427877364,0.910291076666,-0.604361524382,-0.872591881186,0.438163012674
-1.0393211789,0.910291076666,-0.604361524382,-0.872591881186,0.438163012674
-1.06358708142,0.910291076666,-0.604361524382,-0.872591881186,0.438163012674
-1.06012052391,0.911091214323,-0.604361524382,-0.872591881186,0.438163012674
-1.05665396641,0.911091214323,-0.604361524382,-0.872591881186,0.438163012674
-1.05318740891,-1.09685423537,1.65346074642,-0.528372468121,0.438163012674
-1.06705363892,-1.09685423537,1.65616014537,-0.543505894789,-3.80733879945
-1.07398675392,0.910291076666,-0.604361524382,-0.872591881186,0.438163012674
-1.07052019642,0.910291076666,-0.604361524382,-0.872591881186,0.438163012674
-1.07745331143,-1.09685423537,1.65391064625,1.52196154048,-1.68458789339
-1.08438642643,0.913291592879,-0.604361524382,-0.872591881186,0.438163012674
-1.08091986893,0.913491627294,-0.604361524382,-0.872591881186,0.438163012674
-1.08785298393,0.910291076666,-0.604361524382,-0.872591881186,0.438163012674
-1.09478609894,0.910291076666,-0.604361524382,-0.872591881186,0.438163012674
-1.09131954144,0.910291076666,-0.604361524382,-0.872591881186,0.438163012674
-1.09825265644,0.910291076666,-0.604361524382,-0.872591881186,0.438163012674
-1.10865232895,0.910291076666,-0.604361524382,-0.872591881186,0.438163012674
-1.10518577145,-1.09685423537,1.65683499511,1.5110549063,-1.68458789339
-1.10171921394,-1.09685423537,1.65683499511,1.5110549063,-1.68458789339
-1.11211888645,0.912491455223,-0.604361524382,-0.872591881186,0.438163012674
-1.12251855896,0.910291076666,-0.604361524382,-0.872591881186,-3.80733879945
-1.11905200146,0.910691145495,-0.604361524382,-0.872591881186,0.438163012674
-1.11558544395,0.910691145495,-0.604361524382,-0.872591881186,0.438163012674
-1.12945167396,0.913291592879,-0.604361524382,-0.872591881186,0.438163012674
-1.12598511646,0.913291592879,-0.604361524382,-0.872591881186,0.438163012674
-1.13291823147,0.910291076666,-0.604361524382,-0.872591881186,0.438163012674
-1.14331790397,-1.09685423537,1.65346074642,-0.530825517331,0.438163012674
-1.13985134647,0.910291076666,-0.604361524382,-0.872591881186,0.438163012674
-1.13638478897,0.910291076666,-0.604361524382,-0.872591881186,0.438163012674
-1.15371757648,-1.09685423537,1.65278589669,1.35738080806,-1.68458789339
-1.15025101898,0.912491455223,-0.604361524382,-0.872591881186,0.438163012674
-1.14678446148,0.912491455223,-0.604361524382,-0.872591881186,0.438163012674
-1.16411724899,-1.09685423537,1.65346074642,-0.530825517331,0.438163012674
-1.16065069149,0.912491455223,-0.604361524382,-0.872591881186,0.438163012674
-1.15718413398,0.912491455223,-0.604361524382,-0.872591881186,0.438163012674
-1.17105036399,-1.09685423537,1.65571024555,1.420895913,-1.68458789339
-1.16758380649,0.910291076666,-0.604361524382,-0.872591881186,0.438163012674
-1.177983479,0.910291076666,-0.604361524382,-0.872591881186,0.438163012674
-1.17451692149,-1.09685423537,1.65571024555,1.420895913,-1.68458789339
-1.1814500365,0.910291076666,-0.604361524382,-0.872591881186,0.438163012674
-1.184916594,-1.09685423537,1.65436054607,-0.809907039053,-3.80733879945
-1.19531626651,-1.09685423537,-0.604361524382,0.981762365101,0.438163012674
-1.19184970901,-1.09685423537,1.65278589669,1.49943122696,-1.68458789339
-1.1883831515,-1.09685423537,1.65278589669,1.49943122696,-1.68458789339
-1.20571593902,0.910291076666,-0.604361524382,-0.872591881186,0.438163012674
-1.20224938151,-1.09685423537,-0.604361524382,1.00580224736,0.438163012674
-1.19878282401,-1.09685423537,-0.604361524382,0.988140293048,0.438163012674
-1.21958216903,-1.09685423537,1.65616014537,0.988555424453,-1.68458789339
-1.21611561152,-1.09685423537,1.65346074642,-0.686914925558,-3.80733879945
-1.21264905402,0.910691145495,-0.604361524382,-0.872591881186,0.438163012674
-1.20918249652,0.910691145495,-0.604361524382,-0.872591881186,0.438163012674
-1.22304872653,0.911491283152,-0.604361524382,-0.872591881186,0.438163012674
-1.23344839904,-1.09685423537,1.65278589669,1.13539872412,0.438163012674
-1.22998184153,-1.09685423537,1.65278589669,1.13539872412,-1.68458789339
-1.22651528403,-1.09685423537,1.65278589669,1.13539872412,-1.68458789339
-1.23691495654,0.91189135198,-0.604361524382,-0.872591881186,0.438163012674
-1.25424774405,0.910291076666,-0.604361524382,-0.872591881186,0.438163012674
-1.25078118655,0.913291592879,-0.604361524382,-0.872591881186,0.438163012674
-1.24731462905,0.910291076666,-0.604361524382,-0.872591881186,0.438163012674
-1.24384807154,-1.09685423537,1.65346074642,1.53196243341,-1.68458789339
-1.24038151404,-1.09685423537,1.65346074642,1.53196243341,-1.68458789339
-1.27158053156,0.910291076666,-0.604361524382,-0.872591881186,0.438163012674
-1.26811397406,0.910291076666,-0.604361524382,-0.872591881186,0.438163012674
-1.26464741656,0.913491627294,-0.604361524382,-0.872591881186,0.438163012674
-1.26118085906,0.913491627294,-0.604361524382,-0.872591881186,0.438163012674
-1.25771430155,0.912091386394,-0.604361524382,-0.872591881186,-3.80733879945
-1.28544676157,-1.09685423537,1.6566100452,1.50158236242,-1.68458789339
-1.28198020407,0.910291076666,-0.604361524382,-0.872591881186,0.438163012674
-1.27851364657,-1.09685423537,1.65278589669,1.1955550386,-1.68458789339
-1.27504708907,0.913691661708,-0.604361524382,-0.872591881186,0.438163012674
-1.29237987658,0.913291592879,-0.604361524382,-0.872591881186,0.438163012674
-1.28891331908,-1.09685423537,1.65278589669,1.03116300228,-1.68458789339
-1.29931299158,0.910291076666,-0.604361524382,-0.872591881186,0.438163012674
-1.29584643408,0.910291076666,-0.604361524382,-0.872591881186,0.438163012674
-1.31317922159,-1.09685423537,1.65323579651,1.04229607177,-1.68458789339
-1.30971266409,-1.09685423537,1.65323579651,1.04229607177,-1.68458789339
-1.30624610659,0.911491283152,-0.604361524382,-0.872591881186,0.438163012674
-1.30277954909,0.911491283152,-0.604361524382,-0.872591881186,0.438163012674
-1.3235788941,0.913691661708,-0.604361524382,-0.872591881186,0.438163012674
-1.3201123366,-1.09685423537,1.65593519546,0.933305208388,0.438163012674
-1.3166457791,0.913891696122,-0.604361524382,-0.872591881186,0.438163012674
-1.34091168161,0.913691661708,-0.604361524382,-0.872591881186,0.438163012674
-1.33744512411,0.913691661708,-0.604361524382,-0.872591881186,0.438163012674
-1.33397856661,-1.09685423537,1.65278589669,-0.388171270934,-1.68458789339
-1.33051200911,-1.09685423537,1.65278589669,-0.388171270934,-1.68458789339
-1.3270454516,0.913291592879,-0.604361524382,-0.872591881186,0.438163012674
-1.35477791162,-1.09685423537,1.65278589669,0.985574026182,-1.68458789339
-1.35131135412,0.910291076666,-0.604361524382,-0.872591881186,0.438163012674
-1.34784479662,0.913291592879,-0.604361524382,-0.872591881186,0.438163012674
-1.34437823912,0.913291592879,-0.604361524382,-0.872591881186,0.438163012674
-1.38597692915,-1.09685423537,-0.604361524382,1.47833500375,0.438163012674
-1.38251037164,-1.09685423537,-0.604361524382,1.17827047647,0.438163012674
-1.37904381414,-1.09685423537,-0.604361524382,1.00829303579,0.438163012674
-1.37557725664,-1.09685423537,-0.604361524382,1.07875215696,0.438163012674
-1.37211069914,-1.09685423537,-0.604361524382,1.46327705552,0.438163012674
-1.36864414163,-1.09685423537,-0.604361524382,1.02976665119,0.438163012674
-1.36517758413,0.910291076666,-0.604361524382,-0.872591881186,0.438163012674
-1.36171102663,0.910291076666,-0.604361524382,-0.872591881186,0.438163012674
-1.35824446913,0.913691661708,-0.604361524382,-0.872591881186,0.438163012674
-1.39637660165,0.911491283152,-0.604361524382,-0.872591881186,0.438163012674
-1.39291004415,-1.09685423537,1.65593519546,0.60780444776,-1.68458789339
-1.38944348665,-1.09685423537,1.65593519546,0.60780444776,-1.68458789339
-1.40330971666,-1.09685423537,1.65278589669,1.54641655415,-1.68458789339
-1.39984315915,-1.09685423537,1.65278589669,1.54641655415,-1.68458789339
-1.40677627416,-1.09685423537,1.65278589669,1.08252607883,-1.68458789339
-1.41717594667,0.910291076666,-0.604361524382,-0.872591881186,0.438163012674
-1.41370938916,0.910291076666,-0.604361524382,-0.872591881186,0.438163012674
-1.41024283166,0.910291076666,-0.604361524382,-0.872591881186,-3.80733879945
-1.42064250417,0.911491283152,-0.604361524382,0.623956833331,0.438163012674
-1.42757561917,-1.09685423537,1.65346074642,0.23792236603,-1.68458789339
-1.42410906167,0.910291076666,-0.604361524382,-0.872591881186,0.438163012674
-1.43797529168,0.910291076666,-0.604361524382,-0.872591881186,0.438163012674
-1.43450873418,-1.09685423537,1.65278589669,0.184370414804,-1.68458789339
-1.43104217668,-1.09685423537,1.65346074642,-0.528561164214,0.438163012674
-1.44144184918,0.910691145495,-0.604361524382,-0.872591881186,0.438163012674
-1.44490840669,-1.09685423537,1.65278589669,1.32756682535,-1.68458789339
-1.44837496419,-1.09685423537,1.65593519546,1.34941783293,0.438163012674
-1.45530807919,-1.09685423537,1.65278589669,1.14272013253,-1.68458789339
-1.45184152169,-1.09685423537,1.65278589669,1.14272013253,-1.68458789339
-1.4587746367,-1.09685423537,1.65346074642,-0.528372468121,0.438163012674
-1.4622411942,0.911291248737,-0.604361524382,-0.872591881186,0.438163012674
-1.4657077517,0.910291076666,-0.604361524382,-0.872591881186,0.438163012674
-1.4691743092,-1.09685423537,1.65278589669,1.08841339693,-1.68458789339
-1.47957398171,0.910291076666,-0.604361524382,-0.872591881186,0.438163012674
-1.47610742421,0.910891179909,-0.604361524382,-0.872591881186,0.438163012674
-1.47264086671,-1.09685423537,1.65278589669,1.11739711683,-1.68458789339
-1.48304053921,0.910691145495,-0.604361524382,-0.872591881186,0.438163012674
-1.49344021172,0.911291248737,-0.604361524382,-0.872591881186,0.438163012674
-1.48997365422,0.913891696122,-0.604361524382,-0.872591881186,0.438163012674
-1.48650709672,0.910291076666,-0.604361524382,-0.872591881186,0.438163012674
-1.50037332673,-1.09685423537,1.65323579651,1.22733146068,-1.68458789339
-1.49690676922,-1.09685423537,1.65323579651,-0.809793821397,0.438163012674
-1.50383988423,-1.09685423537,-0.604361524382,1.1594763456,0.438163012674
-1.50730644173,-1.09685423537,1.65346074642,-0.53086325655,0.438163012674
-1.52117267174,-1.09685423537,1.65278589669,1.46908889519,-1.68458789339
-1.51770611424,-1.09685423537,1.65278589669,1.46908889519,-1.68458789339
-1.51423955674,-1.09685423537,1.65278589669,1.05259887846,-1.68458789339
-1.51077299923,-1.09685423537,1.65278589669,1.05259887846,-1.68458789339
-1.52810578675,0.910691145495,-0.604361524382,-0.872591881186,0.438163012674
-1.52463922924,0.910691145495,-0.604361524382,-0.872591881186,0.438163012674
-1.53157234425,-1.09685423537,1.65593519546,0.724003501902,0.438163012674
-1.53503890175,-1.09685423537,1.65278589669,1.20834863372,-1.68458789339
-1.53850545925,0.910291076666,-0.604361524382,-0.872591881186,0.438163012674
-1.54197201676,-1.09685423537,1.65593519546,0.37967087118,0.438163012674
-1.54543857426,-1.09685423537,1.65278589669,1.53392487278,-1.68458789339
-1.54890513176,-1.09685423537,1.65278589669,1.01625601092,-1.68458789339
-1.55583824677,0.910291076666,-0.604361524382,-0.872591881186,0.438163012674
-1.55237168926,0.910291076666,-0.604361524382,-0.872591881186,0.438163012674
-1.55930480427,-1.09685423537,1.65593519546,0.994706917088,0.438163012674
-1.56277136177,0.910291076666,-0.604361524382,-0.872591881186,0.438163012674
-1.56970447678,0.910291076666,-0.604361524382,-0.872591881186,0.438163012674
-1.56623791927,0.910291076666,-0.604361524382,-0.872591881186,0.438163012674
-1.57663759178,0.910291076666,-0.604361524382,-0.872591881186,0.438163012674
-1.57317103428,0.910291076666,-0.604361524382,-0.872591881186,0.438163012674
-1.58010414928,-1.09685423537,1.65278589669,1.24133271079,-1.68458789339
-1.58703726429,0.910291076666,-0.604361524382,-0.872591881186,0.438163012674
-1.58357070679,0.910291076666,-0.604361524382,-0.872591881186,0.438163012674
-1.59397037929,0.913891696122,-0.604361524382,-0.872591881186,0.438163012674
-1.59050382179,0.913891696122,-0.604361524382,-0.872591881186,0.438163012674
-1.6009034943,-1.09685423537,1.65593519546,0.745854509485,0.438163012674
-1.5974369368,0.910291076666,-0.604361524382,-0.872591881186,0.438163012674
-1.6043700518,0.912491455223,-0.604361524382,-0.872591881186,0.438163012674
-1.6078366093,0.913691661708,-0.604361524382,-0.872591881186,0.438163012674
-1.61823628181,0.913291592879,-0.604361524382,-0.872591881186,0.438163012674
-1.61476972431,0.913291592879,-0.604361524382,-0.872591881186,0.438163012674
-1.6113031668,0.910691145495,-0.604361524382,-0.872591881186,0.438163012674
-1.63210251182,0.913691661708,-0.604361524382,-0.872591881186,0.438163012674
-1.62863595432,0.913691661708,-0.604361524382,-0.872591881186,0.438163012674
-1.62516939681,-1.09685423537,1.65278589669,-0.276387705371,0.438163012674
-1.62170283931,0.913691661708,-0.604361524382,-0.872591881186,0.438163012674
-1.63556906932,-1.09685423537,1.65346074642,1.11377415185,0.438163012674
-1.63903562682,-1.09685423537,1.65593519546,0.888697451975,0.438163012674
-1.64596874183,0.912091386394,-0.604361524382,-0.872591881186,0.438163012674
-1.64250218433,0.913491627294,-0.604361524382,-0.872591881186,0.438163012674
-1.64943529933,0.912491455223,-0.604361524382,-0.872591881186,0.438163012674
-1.66330152934,-1.09685423537,1.65323579651,1.58592951605,-1.68458789339
-1.65983497184,0.913891696122,-0.604361524382,-0.872591881186,0.438163012674
-1.65636841434,0.913891696122,-0.604361524382,-0.872591881186,0.438163012674
-1.65290185683,-1.09685423537,1.65593519546,0.982894541659,0.438163012674
-1.66676808684,-1.09685423537,1.65593519546,0.729022817979,0.438163012674
-1.69450054686,-1.09685423537,1.65346074642,-0.530938734987,0.438163012674
-1.69103398936,-1.09685423537,-0.604361524382,0.982819063222,0.438163012674
-1.68756743186,-1.09685423537,-0.604361524382,1.09818785455,0.438163012674
-1.68410087436,-1.09685423537,-0.604361524382,0.987611943987,0.438163012674
-1.68063431685,-1.09685423537,-0.604361524382,0.496964362662,0.438163012674
-1.67716775935,-1.09685423537,-0.604361524382,1.1078113553,0.438163012674
-1.67370120185,-1.09685423537,-0.604361524382,1.11879346792,0.438163012674
-1.67023464435,-1.09685423537,-0.604361524382,0.989574383356,0.438163012674
-1.70143366187,0.912091386394,-0.604361524382,-0.872591881186,0.438163012674
-1.69796710437,0.912091386394,-0.604361524382,-0.872591881186,0.438163012674
-1.70490021937,-1.09685423537,1.65593519546,0.914699773607,0.438163012674
-1.70836677687,0.910291076666,-0.604361524382,-0.872591881186,0.438163012674
-1.71183333438,-1.09685423537,1.65278589669,1.36753265787,-1.68458789339
-1.71529989188,-1.09685423537,1.65593519546,0.457187226233,0.438163012674
-1.71876644938,0.910291076666,-0.604361524382,-0.872591881186,0.438163012674
-1.72916612189,0.910291076666,-0.604361524382,-0.872591881186,0.438163012674
-1.72569956439,0.910291076666,-0.604361524382,-0.872591881186,0.438163012674
-1.72223300688,-1.09685423537,1.65593519546,1.31481096945,0.438163012674
