1660646263,31908,12
1659834375,29642,1
1659854670,24861,2
1660643913,24411,14
1660643604,23594,19
1660643484,23593,21
1660644089,23094,13
1660644433,22633,12
1660644078,21674,12
1660273530,20719,15
1660234983,20654,5
1660274012,20248,15
1660275097,20186,17
1660274181,20079,15
1660274416,19898,16
1660238051,19863,9
1660238524,19813,11
1660228113,19779,2
1660238193,19693,10
1660235722,19674,7
1660258233,19607,11
1660255413,19436,17
1659948095,19424,11
1660274855,19408,16
1660254615,19365,17
1659947936,19332,10
1660237090,19309,8
1659800859,19206,1
1660256419,19197,17
1660643290,19162,12
1660275635,19077,17
1660235597,19016,6
1659948629,18963,12
1659948671,18848,12
1660276999,18806,17
1659948378,18799,11
1659692865,18782,7
1660313220,18782,1
1660380880,18735,11
1659948866,18675,12
1660239208,18656,12
1659808113,18617,8
1659948496,18617,11
1660258363,18617,11
1660294343,18574,9
1660255663,18506,17
1660646555,18484,12
1660380648,18469,11
1660247902,18445,16
1660381120,18419,11
1660643949,18398,14
1660381338,18368,11
1659952143,18352,12
1660294707,18316,10
1660366332,18310,12
1660381237,18297,11
1659952436,18292,12
1660294850,18282,11
1660294734,18139,10
1660363693,18088,12
1660384649,18084,12
1660362563,18079,12
1660362827,18047,12
1659916343,18029,13
1659949305,18022,12
1660363998,18005,12
1660294823,17993,10
1660192520,17949,5
1659659674,17946,8
1660295229,17900,13
1660315457,17890,3
1660262347,17844,12
1659761163,17808,8
1659949357,17773,12
1659913066,17770,13
1660334571,17768,12
1660295054,17703,11
1659693482,17700,7
1659883174,17700,1
1660382020,17700,12
1659657135,17652,7
1660195948,17626,6
1660295073,17614,12
1659626186,17610,5
1660295212,17606,12
1660295517,17593,15
1660662718,17593,14
1660381583,17547,12
1660295294,17533,13
1660277839,17514,18
1659640341,17513,7
1659623815,17512,3
1659657763,17509,7
1660240423,17477,13
1660295362,17474,13
1660364496,17472,12
1659691618,17434,5
1660381785,17426,12
1660329687,17409,10
1660367432,17392,12
