-5.36883904e+08,-5.36883904e+08
-4.07300670e+07,-4.07300670e+07
-5.20165509e+08,-5.20165509e+08
-1.32193959e+09,-1.32193959e+09
-3.73352461e+09,-3.73352461e+09
-2.72266896e+09,-2.72266896e+09
-9.85995397e+08,-9.85995397e+08
-2.97099716e+09,-2.97099716e+09
-3.67914305e+09,-3.67914305e+09
-2.30170279e+09,-2.30170279e+09
-4.01123780e+09,-4.01123780e+09
-2.39803405e+09,-2.39803405e+09
-2.68705833e+09,-2.68705833e+09
-1.09525517e+09,-1.09525517e+09
-2.90388829e+09,-2.90388829e+09
-3.86623706e+09,-3.86623706e+09
-2.48496989e+09,-2.48496989e+09
-3.84755930e+09,-3.84755930e+09
-3.67447873e+09,-3.67447873e+09
-1.86985861e+08,-1.86985861e+08
-1.61547533e+09,-1.61547533e+09
-1.51951809e+09,-1.51951809e+09
-2.52760845e+09,-2.52760845e+09
-3.32086260e+09,-3.32086260e+09
-2.92066551e+09,-2.92066551e+09
-1.20018317e+09,-1.20018317e+09
-3.29909517e+09,-3.29909517e+09
-3.16691367e+09,-3.16691367e+09
-1.45913488e+09,-1.45913488e+09
-4.66114437e+08,-4.66114437e+08
-3.76233207e+09,-3.76233207e+09
-2.98777437e+09,-2.98777437e+09
-3.15011784e+09,-3.15011784e+09
-3.62001096e+09,-3.62001096e+09
-2.50190861e+09,-2.50190861e+09
-3.70601767e+09,-3.70601767e+09
-2.59262657e+09,-2.59262657e+09
-4.05750621e+09,-4.05750621e+09
-1.69185322e+09,-1.69185322e+09
-2.18946807e+09,-2.18946807e+09
-2.16420161e+09,-2.16420161e+09
-1.02368295e+09,-1.02368295e+09
-1.53631860e+09,-1.53631860e+09
-3.34709597e+09,-3.34709597e+09
-2.94444279e+09,-2.94444279e+09
-2.98777437e+09,-2.98777437e+09
-3.80861793e+09,-3.80861793e+09
-2.45763890e+07,-2.45763890e+07
-2.45763890e+07,-2.45763890e+07
-1.82347994e+09,-1.82347994e+09
-2.95421994e+09,-2.95421994e+09
-2.38504188e+09,-2.38504188e+09
-2.19965358e+09,-2.19965358e+09
-2.27954292e+09,-2.27954292e+09
-2.35064852e+09,-2.35064852e+09
-1.70323928e+08,-1.70323928e+08
-2.95421994e+09,-2.95421994e+09
-3.23656717e+09,-3.23656717e+09
-4.86540999e+08,-4.86540999e+08
-7.96921650e+07,-7.96921650e+07
-1.88901594e+09,-1.88901594e+09
-4.18192397e+09,-4.18192397e+09
-7.96921650e+07,-7.96921650e+07
-1.70458499e+08,-1.70458499e+08
-2.31793301e+09,-2.31793301e+09
-2.12828199e+09,-2.12828199e+09
-4.03813799e+09,-4.03813799e+09
-1.32816858e+09,-1.32816858e+09
-1.64023393e+09,-1.64023393e+09
-3.38272050e+07,-3.38272050e+07
-2.21034561e+09,-2.21034561e+09
-9.57484850e+07,-9.57484850e+07
-9.17056901e+08,-9.17056901e+08
-1.13792397e+09,-1.13792397e+09
-1.21304720e+09,-1.21304720e+09
-2.45763890e+07,-2.45763890e+07
-3.82233460e+09,-3.82233460e+09
-1.15821792e+09,-1.15821792e+09
-3.25521450e+09,-3.25521450e+09
-2.20071181e+09,-2.20071181e+09
-2.45609895e+09,-2.45609895e+09
-2.64085620e+09,-2.64085620e+09
-7.33086085e+08,-7.33086085e+08
-2.95843879e+09,-2.95843879e+09
-3.30882295e+09,-3.30882295e+09
-4.99004037e+08,-4.99004037e+08
-2.66162882e+09,-2.66162882e+09
-3.89901044e+09,-3.89901044e+09
-3.58575911e+09,-3.58575911e+09
-3.90046116e+08,-3.90046116e+08
-2.41502400e+09,-2.41502400e+09
-2.32170074e+09,-2.32170074e+09
-2.63109620e+09,-2.63109620e+09
-2.71753636e+08,-2.71753636e+08
-2.60861735e+09,-2.60861735e+09
-6.54973061e+08,-6.54973061e+08
-2.56715080e+09,-2.56715080e+09
-2.53349696e+09,-2.53349696e+09
-2.37097666e+09,-2.37097666e+09
-4.12851879e+09,-4.12851879e+09
-1.16120823e+09,-1.16120823e+09
-2.98777437e+09,-2.98777437e+09
-1.85671335e+09,-1.85671335e+09
-4.28011303e+09,-4.28011303e+09
-3.48026512e+09,-3.48026512e+09
-2.16598721e+09,-2.16598721e+09
-3.75778164e+09,-3.75778164e+09
-2.62847476e+09,-2.62847476e+09
-1.94881988e+09,-1.94881988e+09
-1.71948634e+09,-1.71948634e+09
-3.51023749e+08,-3.51023749e+08
-2.97099716e+09,-2.97099716e+09
-2.98777437e+09,-2.98777437e+09
-2.95421994e+09,-2.95421994e+09
-1.66498346e+09,-1.66498346e+09
-3.32491636e+09,-3.32491636e+09
-2.92631975e+09,-2.92631975e+09
-1.73632346e+09,-1.73632346e+09
-3.08843767e+09,-3.08843767e+09
-3.00455159e+09,-3.00455159e+09
-3.40415885e+09,-3.40415885e+09
-3.34649221e+08,-3.34649221e+08
-3.45900301e+09,-3.45900301e+09
-8.47517829e+08,-8.47517829e+08
-1.76038490e+09,-1.76038490e+09
-2.14110250e+09,-2.14110250e+09
-2.83060613e+08,-2.83060613e+08
-2.38692741e+08,-2.38692741e+08
-2.97099716e+09,-2.97099716e+09
-2.03372608e+09,-2.03372608e+09
-2.90388829e+09,-2.90388829e+09
-2.76557607e+09,-2.76557607e+09
-1.61953191e+09,-1.61953191e+09
-3.29145591e+09,-3.29145591e+09
-4.03694918e+09,-4.03694918e+09
-2.78211012e+09,-2.78211012e+09
-2.95421994e+09,-2.95421994e+09
-2.16414273e+09,-2.16414273e+09
-3.27937831e+09,-3.27937831e+09
-1.60586999e+09,-1.60586999e+09
-3.27707508e+09,-3.27707508e+09
-1.25070657e+09,-1.25070657e+09
-1.83030466e+09,-1.83030466e+09
-3.33355457e+09,-3.33355457e+09
-1.42911940e+09,-1.42911940e+09
-2.56715080e+09,-2.56715080e+09
-3.00455159e+09,-3.00455159e+09
-1.64378458e+09,-1.64378458e+09
-2.93744272e+09,-2.93744272e+09
-2.08956276e+09,-2.08956276e+09
-3.62816090e+09,-3.62816090e+09
-6.59642245e+08,-6.59642245e+08
-2.98176986e+09,-2.98176986e+09
-2.70684866e+09,-2.70684866e+09
-1.71691841e+09,-1.71691841e+09
-3.03414260e+09,-3.03414260e+09
-3.88269325e+09,-3.88269325e+09
-5.22126725e+08,-5.22126725e+08
-2.11767105e+09,-2.11767105e+09
-2.68916109e+09,-2.68916109e+09
-2.74720781e+09,-2.74720781e+09
-9.18968197e+08,-9.18968197e+08
-3.50710413e+09,-3.50710413e+09
-1.02145575e+09,-1.02145575e+09
-1.87295962e+09,-1.87295962e+09
-2.87388293e+08,-2.87388293e+08
-2.39079466e+09,-2.39079466e+09
-1.70458499e+08,-1.70458499e+08
-7.10084551e+08,-7.10084551e+08
-3.31354154e+09,-3.31354154e+09
-4.28795565e+08,-4.28795565e+08
-1.37587693e+09,-1.37587693e+09
-1.45344501e+06,-1.45344501e+06
-8.64919972e+08,-8.64919972e+08
-2.92066551e+09,-2.92066551e+09
-2.97099716e+09,-2.97099716e+09
-1.69902708e+09,-1.69902708e+09
-2.96591015e+09,-2.96591015e+09
-3.49141853e+09,-3.49141853e+09
-4.12387521e+09,-4.12387521e+09
-3.89148045e+09,-3.89148045e+09
-3.86872743e+09,-3.86872743e+09
-2.73155316e+09,-2.73155316e+09
-1.32632385e+09,-1.32632385e+09
-9.40660613e+08,-9.40660613e+08
-3.92407492e+09,-3.92407492e+09
-2.34620173e+09,-2.34620173e+09
-1.08387575e+09,-1.08387575e+09
-1.91078820e+08,-1.91078820e+08
-2.90388829e+09,-2.90388829e+09
-4.19480413e+09,-4.19480413e+09
-3.20014529e+09,-3.20014529e+09
-1.11883687e+09,-1.11883687e+09
-3.84887002e+09,-3.84887002e+09
-2.29881793e+09,-2.29881793e+09
-2.50190861e+09,-2.50190861e+09
-1.81555674e+09,-1.81555674e+09
-9.93803909e+08,-9.93803909e+08
-1.49921447e+09,-1.49921447e+09
-1.71813316e+09,-1.71813316e+09
-3.89251495e+09,-3.89251495e+09
-1.30398145e+09,-1.30398145e+09
-2.66424794e+09,-2.66424794e+09
-3.15327092e+09,-3.15327092e+09
-1.49825988e+09,-1.49825988e+09
-7.39390085e+08,-7.39390085e+08
-7.96921650e+07,-7.96921650e+07
-3.22261927e+09,-3.22261927e+09
-7.87756850e+07,-7.87756850e+07
-2.01192390e+07,-2.01192390e+07
-2.90388829e+09,-2.90388829e+09
-2.44957647e+09,-2.44957647e+09
-5.35107717e+08,-5.35107717e+08
-1.72307077e+08,-1.72307077e+08
-5.42025010e+07,-5.42025010e+07
-2.61034703e+09,-2.61034703e+09
-3.78053028e+08,-3.78053028e+08
-4.15407783e+09,-4.15407783e+09
-3.46922876e+09,-3.46922876e+09
-3.10569178e+09,-3.10569178e+09
-4.13743706e+09,-4.13743706e+09
-2.98596417e+09,-2.98596417e+09
-2.92066551e+09,-2.92066551e+09
-1.26616180e+09,-1.26616180e+09
-2.90388829e+09,-2.90388829e+09
-3.40435546e+09,-3.40435546e+09
-5.79557253e+08,-5.79557253e+08
-2.92066551e+09,-2.92066551e+09
-3.18126119e+09,-3.18126119e+09
-3.35000999e+09,-3.35000999e+09
-1.84498215e+09,-1.84498215e+09
-2.79773325e+09,-2.79773325e+09
-1.75494541e+09,-1.75494541e+09
-3.95418637e+09,-3.95418637e+09
-1.21996429e+09,-1.21996429e+09
-2.92066551e+09,-2.92066551e+09
-4.02544013e+09,-4.02544013e+09
-3.51995149e+09,-3.51995149e+09
-4.01174439e+09,-4.01174439e+09
-2.58913703e+09,-2.58913703e+09
-2.92066551e+09,-2.92066551e+09
-2.01855018e+09,-2.01855018e+09
-4.09332596e+09,-4.09332596e+09
-7.78326120e+07,-7.78326120e+07
-3.86845613e+09,-3.86845613e+09
-1.34978573e+09,-1.34978573e+09
-3.05621810e+07,-3.05621810e+07
-2.41416231e+09,-2.41416231e+09
-2.90388829e+09,-2.90388829e+09
-3.00653581e+09,-3.00653581e+09
-1.38707572e+09,-1.38707572e+09
-3.38960986e+09,-3.38960986e+09
-2.37401744e+09,-2.37401744e+09
-2.16420161e+09,-2.16420161e+09
-2.30690858e+09,-2.30690858e+09
-2.75156834e+09,-2.75156834e+09
-2.07811890e+07,-2.07811890e+07
-7.96921650e+07,-7.96921650e+07
-7.96921650e+07,-7.96921650e+07
-7.96921650e+07,-7.96921650e+07
-7.32696370e+07,-7.32696370e+07
-5.70395602e+08,-5.70395602e+08
-2.86510177e+09,-2.86510177e+09
-2.45763890e+07,-2.45763890e+07
-1.57578896e+09,-1.57578896e+09
-1.57578896e+09,-1.57578896e+09
-2.16420161e+09,-2.16420161e+09
-1.19935018e+09,-1.19935018e+09
-9.64693810e+07,-9.64693810e+07
-1.76145635e+09,-1.76145635e+09
-3.36370800e+07,-3.36370800e+07
-1.12441869e+09,-1.12441869e+09
-1.17639361e+09,-1.17639361e+09
-3.34579575e+09,-3.34579575e+09
-7.64727715e+08,-7.64727715e+08
-2.93744272e+09,-2.93744272e+09
-4.17278404e+09,-4.17278404e+09
-9.98482340e+08,-9.98482340e+08
-3.96991501e+09,-3.96991501e+09
-1.88260772e+08,-1.88260772e+08
-3.22458074e+09,-3.22458074e+09
-2.19553447e+09,-2.19553447e+09
-1.03324685e+09,-1.03324685e+09
-6.86633605e+08,-6.86633605e+08
-3.83230554e+09,-3.83230554e+09
-2.56715080e+09,-2.56715080e+09
-1.04463197e+09,-1.04463197e+09
-3.93259460e+09,-3.93259460e+09
-2.93744272e+09,-2.93744272e+09
-2.01891727e+09,-2.01891727e+09
-2.04480399e+09,-2.04480399e+09
-9.88033669e+08,-9.88033669e+08
-1.55639031e+09,-1.55639031e+09
-1.37349012e+05,-1.37349012e+05
-3.75018253e+09,-3.75018253e+09
-2.97099716e+09,-2.97099716e+09
-3.71491444e+09,-3.71491444e+09
-3.37577229e+09,-3.37577229e+09
-2.07550096e+09,-2.07550096e+09
-2.94277594e+09,-2.94277594e+09
-1.36264692e+09,-1.36264692e+09
-3.74008999e+09,-3.74008999e+09
-3.22788599e+09,-3.22788599e+09
-3.60756647e+09,-3.60756647e+09
-3.83374733e+09,-3.83374733e+09
-3.26678593e+09,-3.26678593e+09
-4.00474797e+09,-4.00474797e+09
-6.48676741e+08,-6.48676741e+08
-2.62567568e+09,-2.62567568e+09
-3.35026309e+08,-3.35026309e+08
-3.50126221e+09,-3.50126221e+09
-3.61553143e+09,-3.61553143e+09
-3.69941751e+09,-3.69941751e+09
-2.39600781e+09,-2.39600781e+09
-4.07300670e+07,-4.07300670e+07
-2.47725005e+08,-2.47725005e+08
-8.85193677e+08,-8.85193677e+08
-2.45763890e+07,-2.45763890e+07
-1.00273612e+08,-1.00273612e+08
-2.45411861e+09,-2.45411861e+09
-1.57578896e+09,-1.57578896e+09
-2.20516698e+09,-2.20516698e+09
-1.88173518e+09,-1.88173518e+09
-1.12309865e+09,-1.12309865e+09
-1.84913172e+09,-1.84913172e+09
-4.13861253e+08,-4.13861253e+08
-2.18116741e+08,-2.18116741e+08
-3.56454442e+09,-3.56454442e+09
-6.55579013e+08,-6.55579013e+08
-4.03132890e+09,-4.03132890e+09
-3.56203508e+09,-3.56203508e+09
-2.62334682e+09,-2.62334682e+09
-2.20469381e+08,-2.20469381e+08
-2.40075613e+09,-2.40075613e+09
-2.03994535e+09,-2.03994535e+09
-3.43528845e+09,-3.43528845e+09
-4.49983109e+08,-4.49983109e+08
-1.21721767e+09,-1.21721767e+09
-1.71575489e+09,-1.71575489e+09
-2.46390439e+09,-2.46390439e+09
-2.28289330e+07,-2.28289330e+07
-2.45924468e+09,-2.45924468e+09
-2.56715080e+09,-2.56715080e+09
-4.25939418e+09,-4.25939418e+09
-6.33344133e+08,-6.33344133e+08
-1.10619893e+09,-1.10619893e+09
-1.96313716e+09,-1.96313716e+09
-1.21413287e+09,-1.21413287e+09
-4.06763585e+09,-4.06763585e+09
-9.52703109e+08,-9.52703109e+08
-1.32314768e+09,-1.32314768e+09
-4.20782682e+09,-4.20782682e+09
-1.44340624e+09,-1.44340624e+09
-8.82717061e+08,-8.82717061e+08
-4.21030902e+06,-4.21030902e+06
-2.29276509e+09,-2.29276509e+09
-1.56370189e+09,-1.56370189e+09
-2.90388829e+09,-2.90388829e+09
-3.72164650e+09,-3.72164650e+09
-2.98777437e+09,-2.98777437e+09
-2.53860877e+09,-2.53860877e+09
-3.50506817e+09,-3.50506817e+09
-1.29188701e+09,-1.29188701e+09
-4.28968128e+09,-4.28968128e+09
-1.99946023e+09,-1.99946023e+09
-1.55381543e+09,-1.55381543e+09
-1.97680375e+09,-1.97680375e+09
-1.99191412e+09,-1.99191412e+09
-3.85247450e+09,-3.85247450e+09
-3.10051981e+09,-3.10051981e+09
-2.84348762e+09,-2.84348762e+09
-3.60329861e+08,-3.60329861e+08
-3.68694029e+09,-3.68694029e+09
-1.72773480e+07,-1.72773480e+07
-1.12035393e+09,-1.12035393e+09
-3.22600878e+09,-3.22600878e+09
-4.02542401e+09,-4.02542401e+09
-1.17798544e+09,-1.17798544e+09
-2.98777437e+09,-2.98777437e+09
-1.89302029e+09,-1.89302029e+09
-1.52858407e+09,-1.52858407e+09
-1.26790084e+09,-1.26790084e+09
-3.00455159e+09,-3.00455159e+09
-9.78596485e+08,-9.78596485e+08
-2.66878597e+08,-2.66878597e+08
-2.98989940e+09,-2.98989940e+09
-2.92066551e+09,-2.92066551e+09
-6.71493509e+08,-6.71493509e+08
-2.85446186e+09,-2.85446186e+09
-4.81695877e+08,-4.81695877e+08
-3.99863591e+09,-3.99863591e+09
-8.34402610e+07,-8.34402610e+07
-2.56951133e+09,-2.56951133e+09
-4.76202117e+08,-4.76202117e+08
-1.94800500e+09,-1.94800500e+09
-8.30225302e+08,-8.30225302e+08
-1.67694810e+09,-1.67694810e+09
-2.92066551e+09,-2.92066551e+09
-2.56463554e+09,-2.56463554e+09
-7.57078149e+08,-7.57078149e+08
-1.43368794e+09,-1.43368794e+09
-2.97099716e+09,-2.97099716e+09
-2.95399207e+09,-2.95399207e+09
-7.10084551e+08,-7.10084551e+08
-2.42434909e+09,-2.42434909e+09
-7.10084551e+08,-7.10084551e+08
-1.90222782e+09,-1.90222782e+09
-1.07610740e+09,-1.07610740e+09
-2.51649010e+09,-2.51649010e+09
-1.09058181e+08,-1.09058181e+08
-3.24336777e+09,-3.24336777e+09
-7.96921650e+07,-7.96921650e+07
-4.06015809e+09,-4.06015809e+09
-2.96227535e+09,-2.96227535e+09
-1.12441869e+09,-1.12441869e+09
-4.63191057e+08,-4.63191057e+08
-1.70715850e+08,-1.70715850e+08
-2.53638450e+07,-2.53638450e+07
-2.50707783e+09,-2.50707783e+09
-1.98017652e+09,-1.98017652e+09
-2.18760436e+09,-2.18760436e+09
-3.48957124e+09,-3.48957124e+09
-1.91103604e+09,-1.91103604e+09
-1.08784807e+09,-1.08784807e+09
-2.46856692e+09,-2.46856692e+09
-1.84478580e+09,-1.84478580e+09
-4.96507013e+08,-4.96507013e+08
-2.98777437e+09,-2.98777437e+09
-1.13196020e+09,-1.13196020e+09
-2.48259162e+09,-2.48259162e+09
-2.66379226e+09,-2.66379226e+09
-4.87796101e+08,-4.87796101e+08
-2.71214810e+09,-2.71214810e+09
-7.97923205e+08,-7.97923205e+08
-3.69205364e+09,-3.69205364e+09
-3.80318341e+08,-3.80318341e+08
-2.93744272e+09,-2.93744272e+09
-2.00957175e+09,-2.00957175e+09
-2.84124813e+09,-2.84124813e+09
-1.43619728e+09,-1.43619728e+09
-8.90675620e+08,-8.90675620e+08
-1.75152807e+09,-1.75152807e+09
-2.01623029e+09,-2.01623029e+09
-2.64085466e+09,-2.64085466e+09
-4.03636852e+09,-4.03636852e+09
-3.85221773e+09,-3.85221773e+09
-3.97509236e+09,-3.97509236e+09
-2.96092941e+09,-2.96092941e+09
-3.21695376e+09,-3.21695376e+09
-2.98777437e+09,-2.98777437e+09
-2.26053953e+09,-2.26053953e+09
-9.10900118e+08,-9.10900118e+08
-1.50680513e+09,-1.50680513e+09
-2.43317748e+09,-2.43317748e+09
-4.10775335e+09,-4.10775335e+09
-6.09622149e+08,-6.09622149e+08
-2.49529613e+09,-2.49529613e+09
-1.82465157e+08,-1.82465157e+08
-4.01174311e+09,-4.01174311e+09
-1.69719873e+09,-1.69719873e+09
-1.35130919e+09,-1.35130919e+09
-1.44648581e+08,-1.44648581e+08
-9.61369989e+08,-9.61369989e+08
-2.50663258e+09,-2.50663258e+09
-2.95421994e+09,-2.95421994e+09
-2.41596048e+09,-2.41596048e+09
-3.94550519e+09,-3.94550519e+09
-2.26316634e+09,-2.26316634e+09
-1.43742853e+08,-1.43742853e+08
-1.97696321e+09,-1.97696321e+09
-4.05675457e+09,-4.05675457e+09
-2.84329229e+09,-2.84329229e+09
-5.90616709e+08,-5.90616709e+08
-1.69923034e+09,-1.69923034e+09
-4.29313857e+09,-4.29313857e+09
-1.80193473e+09,-1.80193473e+09
-1.87454861e+09,-1.87454861e+09
-1.00350249e+09,-1.00350249e+09
-3.11657741e+09,-3.11657741e+09
-2.77448897e+09,-2.77448897e+09
-1.07087425e+09,-1.07087425e+09
-1.51012189e+09,-1.51012189e+09
-2.04684276e+09,-2.04684276e+09
-9.22168709e+08,-9.22168709e+08
-2.95149223e+09,-2.95149223e+09
-3.66380609e+09,-3.66380609e+09
-3.30183301e+08,-3.30183301e+08
-2.97725020e+09,-2.97725020e+09
-9.78662021e+08,-9.78662021e+08
-4.28742789e+08,-4.28742789e+08
-1.63682855e+09,-1.63682855e+09
-2.57884788e+09,-2.57884788e+09
-2.50342029e+09,-2.50342029e+09
-4.06548263e+09,-4.06548263e+09
-8.20683172e+08,-8.20683172e+08
-2.92066551e+09,-2.92066551e+09
-1.34428071e+09,-1.34428071e+09
-1.23294042e+09,-1.23294042e+09
-2.79485453e+09,-2.79485453e+09
-5.28426002e+06,-5.28426002e+06
-2.97646145e+09,-2.97646145e+09
-9.71374981e+08,-9.71374981e+08
-2.47374426e+09,-2.47374426e+09
-3.17073860e+09,-3.17073860e+09
-3.89599476e+09,-3.89599476e+09
-1.25180037e+08,-1.25180037e+08
-1.53566196e+09,-1.53566196e+09
-4.05832308e+09,-4.05832308e+09
-3.54431621e+08,-3.54431621e+08
-3.67213146e+09,-3.67213146e+09
-2.40342413e+09,-2.40342413e+09
-2.89145895e+09,-2.89145895e+09
-2.05724199e+09,-2.05724199e+09
-2.67735746e+09,-2.67735746e+09
-5.20619397e+08,-5.20619397e+08
-3.84251969e+09,-3.84251969e+09
-6.34517810e+07,-6.34517810e+07
-1.02571687e+09,-1.02571687e+09
-3.99527745e+09,-3.99527745e+09
-3.95767591e+09,-3.95767591e+09
-4.27813620e+09,-4.27813620e+09
-2.93744272e+09,-2.93744272e+09
-2.78248436e+09,-2.78248436e+09
-3.45814439e+09,-3.45814439e+09
-4.23773021e+09,-4.23773021e+09
-2.25970369e+09,-2.25970369e+09
-2.35398900e+09,-2.35398900e+09
-1.83010881e+09,-1.83010881e+09
-2.93744272e+09,-2.93744272e+09
-2.25110900e+09,-2.25110900e+09
-3.74411306e+09,-3.74411306e+09
-3.18099930e+09,-3.18099930e+09
-1.42246516e+09,-1.42246516e+09
-1.30568666e+09,-1.30568666e+09
-2.93744272e+09,-2.93744272e+09
-3.16556125e+09,-3.16556125e+09
-3.33304282e+09,-3.33304282e+09
-4.05694682e+09,-4.05694682e+09
-3.57984474e+09,-3.57984474e+09
-3.60852869e+08,-3.60852869e+08
-1.61776244e+09,-1.61776244e+09
-2.96801268e+09,-2.96801268e+09
-1.84913172e+09,-1.84913172e+09
-1.94839821e+09,-1.94839821e+09
-1.55764778e+09,-1.55764778e+09
-3.06704167e+09,-3.06704167e+09
-7.30964388e+08,-7.30964388e+08
-2.18327258e+09,-2.18327258e+09
-1.40373159e+09,-1.40373159e+09
-5.26731141e+08,-5.26731141e+08
-3.69420020e+09,-3.69420020e+09
-1.79972548e+09,-1.79972548e+09
-1.78187509e+09,-1.78187509e+09
-2.92550288e+09,-2.92550288e+09
-8.76297861e+08,-8.76297861e+08
-1.43165633e+09,-1.43165633e+09
-4.15575429e+08,-4.15575429e+08
-1.10589584e+09,-1.10589584e+09
-2.45773735e+09,-2.45773735e+09
-1.83430951e+09,-1.83430951e+09
-2.89651700e+09,-2.89651700e+09
-2.98777437e+09,-2.98777437e+09
-2.50886209e+09,-2.50886209e+09
-4.26732789e+09,-4.26732789e+09
-4.08330842e+09,-4.08330842e+09
-2.67338885e+08,-2.67338885e+08
-7.89927813e+08,-7.89927813e+08
-6.28447109e+08,-6.28447109e+08
-2.71509722e+09,-2.71509722e+09
-4.02693799e+09,-4.02693799e+09
-2.99540900e+08,-2.99540900e+08
-2.64072052e+09,-2.64072052e+09
-3.96762765e+09,-3.96762765e+09
-2.35997377e+09,-2.35997377e+09
-1.33058369e+09,-1.33058369e+09
-2.38689959e+09,-2.38689959e+09
-2.52799860e+09,-2.52799860e+09
-3.99068993e+09,-3.99068993e+09
-1.18183309e+09,-1.18183309e+09
-2.95421994e+09,-2.95421994e+09
-2.27213701e+08,-2.27213701e+08
-2.13913642e+09,-2.13913642e+09
-2.54178960e+09,-2.54178960e+09
-3.18785578e+09,-3.18785578e+09
-2.97799722e+09,-2.97799722e+09
-3.09543773e+09,-3.09543773e+09
-2.75156834e+09,-2.75156834e+09
-2.44633946e+09,-2.44633946e+09
-3.58662013e+09,-3.58662013e+09
-6.34160594e+08,-6.34160594e+08
-3.33641010e+07,-3.33641010e+07
-5.86812876e+08,-5.86812876e+08
-1.76145635e+09,-1.76145635e+09
-7.49058020e+07,-7.49058020e+07
-2.61034703e+09,-2.61034703e+09
-3.88444805e+08,-3.88444805e+08
-1.74592042e+09,-1.74592042e+09
-3.24175117e+09,-3.24175117e+09
-3.70715076e+09,-3.70715076e+09
-3.56202561e+09,-3.56202561e+09
-3.94410996e+09,-3.94410996e+09
-3.69775066e+09,-3.69775066e+09
-3.31069812e+09,-3.31069812e+09
-7.23399301e+08,-7.23399301e+08
-2.06674957e+09,-2.06674957e+09
-8.96770468e+08,-8.96770468e+08
-1.09648005e+08,-1.09648005e+08
-1.16419676e+09,-1.16419676e+09
-8.10424453e+08,-8.10424453e+08
-3.09895770e+09,-3.09895770e+09
-3.94074245e+08,-3.94074245e+08
-7.76352133e+08,-7.76352133e+08
-3.30394484e+09,-3.30394484e+09
-1.10122381e+09,-1.10122381e+09
-3.11343041e+09,-3.11343041e+09
-2.27869940e+09,-2.27869940e+09
-3.29614913e+09,-3.29614913e+09
-3.11984756e+09,-3.11984756e+09
-4.11476009e+09,-4.11476009e+09
-2.61306740e+09,-2.61306740e+09
-2.56715080e+09,-2.56715080e+09
-6.97431232e+08,-6.97431232e+08
-1.90416141e+09,-1.90416141e+09
-1.34347613e+09,-1.34347613e+09
-4.19654516e+09,-4.19654516e+09
-4.13875188e+09,-4.13875188e+09
-3.23912845e+09,-3.23912845e+09
-1.76253146e+09,-1.76253146e+09
-8.99145700e+07,-8.99145700e+07
-7.73543813e+08,-7.73543813e+08
-4.06653121e+09,-4.06653121e+09
-1.12047527e+09,-1.12047527e+09
-1.18155482e+09,-1.18155482e+09
-1.25469300e+09,-1.25469300e+09
-1.05707152e+09,-1.05707152e+09
-8.18485381e+08,-8.18485381e+08
-3.70469722e+09,-3.70469722e+09
-3.26782785e+09,-3.26782785e+09
-2.52170714e+09,-2.52170714e+09
-8.85497650e+07,-8.85497650e+07
-5.51966597e+08,-5.51966597e+08
-5.51360645e+08,-5.51360645e+08
-4.01021965e+09,-4.01021965e+09
-1.69267009e+09,-1.69267009e+09
-3.95651524e+09,-3.95651524e+09
-7.53901988e+08,-7.53901988e+08
-3.72874253e+09,-3.72874253e+09
-4.11535553e+09,-4.11535553e+09
-2.56715080e+09,-2.56715080e+09
-3.12921921e+09,-3.12921921e+09
-8.60510085e+08,-8.60510085e+08
-1.86131034e+09,-1.86131034e+09
-2.49279911e+09,-2.49279911e+09
-2.43863594e+09,-2.43863594e+09
-4.97642290e+07,-4.97642290e+07
-3.23800897e+09,-3.23800897e+09
-4.08041537e+09,-4.08041537e+09
-2.95421994e+09,-2.95421994e+09
-3.06422180e+08,-3.06422180e+08
-6.97309317e+08,-6.97309317e+08
-5.15463045e+08,-5.15463045e+08
-4.20533645e+09,-4.20533645e+09
-1.50881413e+08,-1.50881413e+08
-2.84543917e+09,-2.84543917e+09
-9.68054661e+08,-9.68054661e+08
-2.62185562e+09,-2.62185562e+09
-1.02207530e+09,-1.02207530e+09
-2.60645466e+09,-2.60645466e+09
-2.79264244e+09,-2.79264244e+09
-3.84763535e+09,-3.84763535e+09
-4.18318119e+09,-4.18318119e+09
-3.32110861e+09,-3.32110861e+09
-3.40924549e+08,-3.40924549e+08
-1.92109815e+09,-1.92109815e+09
-2.94142813e+09,-2.94142813e+09
-1.88173518e+09,-1.88173518e+09
-1.01981197e+09,-1.01981197e+09
-7.00109219e+08,-7.00109219e+08
-7.46674053e+08,-7.46674053e+08
-1.81168346e+09,-1.81168346e+09
-2.00504461e+09,-2.00504461e+09
-1.10369805e+09,-1.10369805e+09
-1.60701453e+09,-1.60701453e+09
-1.57346010e+09,-1.57346010e+09
-7.49941381e+08,-7.49941381e+08
-4.16979981e+09,-4.16979981e+09
-3.99629559e+09,-3.99629559e+09
-1.17147841e+09,-1.17147841e+09
-6.26792581e+08,-6.26792581e+08
-2.95421994e+09,-2.95421994e+09
-2.92066551e+09,-2.92066551e+09
-2.45990004e+09,-2.45990004e+09
-2.92744999e+09,-2.92744999e+09
-1.87236980e+09,-1.87236980e+09
-3.26659879e+09,-3.26659879e+09
-1.00023284e+09,-1.00023284e+09
-2.90388829e+09,-2.90388829e+09
-1.91310276e+09,-1.91310276e+09
-3.51496410e+09,-3.51496410e+09
-2.36989829e+08,-2.36989829e+08
-3.02610064e+09,-3.02610064e+09
-2.95421994e+09,-2.95421994e+09
-2.05195456e+09,-2.05195456e+09
-3.36057741e+09,-3.36057741e+09
-3.28402189e+09,-3.28402189e+09
-2.97219495e+09,-2.97219495e+09
-2.72922256e+09,-2.72922256e+09
-4.10670981e+08,-4.10670981e+08
-2.29122650e+09,-2.29122650e+09
-2.57449207e+09,-2.57449207e+09
-3.40162192e+09,-3.40162192e+09
-3.78839642e+09,-3.78839642e+09
-2.16460609e+09,-2.16460609e+09
-1.23469002e+08,-1.23469002e+08
-7.07738518e+08,-7.07738518e+08
-2.32394794e+09,-2.32394794e+09
-9.69480325e+08,-9.69480325e+08
-4.10584333e+09,-4.10584333e+09
-1.08692084e+09,-1.08692084e+09
-3.98350213e+08,-3.98350213e+08
-1.28824743e+09,-1.28824743e+09
-1.47279681e+09,-1.47279681e+09
-9.22097797e+08,-9.22097797e+08
-9.17311621e+08,-9.17311621e+08
-1.65734618e+09,-1.65734618e+09
-6.59951749e+08,-6.59951749e+08
-4.94032773e+08,-4.94032773e+08
-2.55865477e+08,-2.55865477e+08
-1.38386881e+09,-1.38386881e+09
-2.61034703e+09,-2.61034703e+09
-2.31047796e+09,-2.31047796e+09
-1.06038413e+09,-1.06038413e+09
-5.42857093e+08,-5.42857093e+08
-2.57375220e+09,-2.57375220e+09
-2.51217962e+09,-2.51217962e+09
-2.61014365e+09,-2.61014365e+09
-1.87219060e+09,-1.87219060e+09
-2.92066551e+09,-2.92066551e+09
-2.20054365e+09,-2.20054365e+09
-2.49614145e+09,-2.49614145e+09
-4.22518209e+09,-4.22518209e+09
-3.68427869e+09,-3.68427869e+09
-3.97119530e+09,-3.97119530e+09
-4.49589893e+08,-4.49589893e+08
-1.14854081e+09,-1.14854081e+09
-2.01812852e+09,-2.01812852e+09
-3.00455159e+09,-3.00455159e+09
-2.95421994e+09,-2.95421994e+09
-1.88110221e+09,-1.88110221e+09
-2.03681575e+09,-2.03681575e+09
-2.16165468e+09,-2.16165468e+09
-5.93303685e+08,-5.93303685e+08
-4.11514279e+09,-4.11514279e+09
-6.18070405e+08,-6.18070405e+08
-4.07732365e+09,-4.07732365e+09
-2.56715080e+09,-2.56715080e+09
-2.98777437e+09,-2.98777437e+09
-1.31584474e+09,-1.31584474e+09
-3.42662157e+09,-3.42662157e+09
-1.87834023e+09,-1.87834023e+09
-2.03457140e+09,-2.03457140e+09
-1.53865562e+09,-1.53865562e+09
-4.07485428e+09,-4.07485428e+09
-2.10178090e+09,-2.10178090e+09
-1.32734199e+09,-1.32734199e+09
-2.24134721e+09,-2.24134721e+09
-9.35925893e+08,-9.35925893e+08
-1.71174106e+09,-1.71174106e+09
-5.58061445e+08,-5.58061445e+08
-4.17177255e+09,-4.17177255e+09
-4.15485760e+09,-4.15485760e+09
-1.70030736e+09,-1.70030736e+09
-4.00065140e+09,-4.00065140e+09
-2.06449092e+09,-2.06449092e+09
-1.65238157e+09,-1.65238157e+09
-1.84844916e+09,-1.84844916e+09
-1.66539909e+08,-1.66539909e+08
-2.06709338e+09,-2.06709338e+09
-2.93744272e+09,-2.93744272e+09
-2.97099716e+09,-2.97099716e+09
-2.19390554e+09,-2.19390554e+09
-2.08142964e+09,-2.08142964e+09
-2.26992548e+08,-2.26992548e+08
-2.08932906e+09,-2.08932906e+09
-3.55622135e+09,-3.55622135e+09
-1.15430925e+09,-1.15430925e+09
-3.76436368e+09,-3.76436368e+09
-3.40106253e+09,-3.40106253e+09
-2.56715080e+09,-2.56715080e+09
-1.59138653e+09,-1.59138653e+09
-3.30043434e+09,-3.30043434e+09
-1.31216005e+08,-1.31216005e+08
-8.17895557e+08,-8.17895557e+08
-1.97814004e+09,-1.97814004e+09
-3.67567268e+08,-3.67567268e+08
-2.91259229e+09,-2.91259229e+09
-2.89368282e+09,-2.89368282e+09
-2.90388829e+09,-2.90388829e+09
-1.83758631e+09,-1.83758631e+09
-3.49988166e+09,-3.49988166e+09
-1.12560321e+09,-1.12560321e+09
-1.68854132e+09,-1.68854132e+09
-2.14480295e+09,-2.14480295e+09
-1.08385037e+09,-1.08385037e+09
-3.44635994e+09,-3.44635994e+09
-3.16022977e+09,-3.16022977e+09
-3.18977447e+09,-3.18977447e+09
-1.06018215e+09,-1.06018215e+09
-3.54840359e+09,-3.54840359e+09
-1.19452506e+09,-1.19452506e+09
-3.41767824e+09,-3.41767824e+09
-6.18403973e+08,-6.18403973e+08
-2.80290957e+09,-2.80290957e+09
-2.03969447e+09,-2.03969447e+09
-3.07758349e+09,-3.07758349e+09
-2.44298259e+09,-2.44298259e+09
-6.86905221e+08,-6.86905221e+08
-2.92066551e+09,-2.92066551e+09
-2.92066551e+09,-2.92066551e+09
-2.13127210e+09,-2.13127210e+09
-2.22279745e+09,-2.22279745e+09
-6.92890930e+07,-6.92890930e+07
-1.54954612e+09,-1.54954612e+09
-2.97023553e+09,-2.97023553e+09
-3.52329383e+09,-3.52329383e+09
-1.66259572e+09,-1.66259572e+09
-6.56950405e+08,-6.56950405e+08
-7.51376517e+08,-7.51376517e+08
-3.00455159e+09,-3.00455159e+09
-5.13653777e+08,-5.13653777e+08
-8.94345636e+08,-8.94345636e+08
-1.22113857e+09,-1.22113857e+09
-1.85303668e+09,-1.85303668e+09
-2.98777437e+09,-2.98777437e+09
-5.29347205e+08,-5.29347205e+08
-3.11114740e+09,-3.11114740e+09
-9.05182080e+07,-9.05182080e+07
-3.89823476e+09,-3.89823476e+09
-2.97099716e+09,-2.97099716e+09
-6.35709829e+08,-6.35709829e+08
-1.01247194e+09,-1.01247194e+09
-3.44596141e+09,-3.44596141e+09
-4.59741317e+08,-4.59741317e+08
-2.12804186e+09,-2.12804186e+09
-2.62250151e+09,-2.62250151e+09
-5.93011108e+08,-5.93011108e+08
-2.10234228e+09,-2.10234228e+09
-2.64329093e+08,-2.64329093e+08
-2.88785012e+09,-2.88785012e+09
-6.88461957e+08,-6.88461957e+08
-1.55154064e+09,-1.55154064e+09
-2.95421994e+09,-2.95421994e+09
-3.32105921e+09,-3.32105921e+09
-2.41625972e+09,-2.41625972e+09
-2.67310477e+09,-2.67310477e+09
-4.22539047e+09,-4.22539047e+09
-4.27890821e+08,-4.27890821e+08
-2.22431425e+09,-2.22431425e+09
-1.91054230e+08,-1.91054230e+08
-3.44341492e+09,-3.44341492e+09
-2.00647076e+08,-2.00647076e+08
-3.24936282e+09,-3.24936282e+09
-4.96834693e+08,-4.96834693e+08
-3.60841844e+09,-3.60841844e+09
-6.42209669e+08,-6.42209669e+08
-2.55795802e+09,-2.55795802e+09
-1.19330317e+09,-1.19330317e+09
-3.40176528e+09,-3.40176528e+09
-3.17215066e+09,-3.17215066e+09
-2.97670789e+08,-2.97670789e+08
-1.67982298e+09,-1.67982298e+09
-6.11522693e+08,-6.11522693e+08
-2.57703557e+08,-2.57703557e+08
-3.02038004e+09,-3.02038004e+09
-1.82524455e+09,-1.82524455e+09
-7.55278244e+08,-7.55278244e+08
-3.91473370e+09,-3.91473370e+09
-1.35535629e+09,-1.35535629e+09
-7.66979461e+08,-7.66979461e+08
-2.18437765e+08,-2.18437765e+08
-1.61337818e+09,-1.61337818e+09
-9.99603217e+08,-9.99603217e+08
-1.19112308e+09,-1.19112308e+09
-1.46113140e+09,-1.46113140e+09
-3.62424772e+09,-3.62424772e+09
-4.18873972e+09,-4.18873972e+09
-3.08521412e+09,-3.08521412e+09
-1.29888039e+09,-1.29888039e+09
-2.25830214e+09,-2.25830214e+09
-2.29488705e+09,-2.29488705e+09
-2.89683521e+09,-2.89683521e+09
-3.63685517e+09,-3.63685517e+09
-1.00507764e+09,-1.00507764e+09
-3.47043472e+09,-3.47043472e+09
-2.20752756e+09,-2.20752756e+09
-3.99639821e+09,-3.99639821e+09
-3.88819162e+09,-3.88819162e+09
-3.53695376e+09,-3.53695376e+09
-4.02882983e+09,-4.02882983e+09
-3.02523098e+09,-3.02523098e+09
-2.56715080e+09,-2.56715080e+09
-5.16182120e+07,-5.16182120e+07
-2.56715080e+09,-2.56715080e+09
-2.56201485e+09,-2.56201485e+09
-1.04661381e+08,-1.04661381e+08
-2.55290228e+09,-2.55290228e+09
-1.46724237e+09,-1.46724237e+09
-3.37347188e+09,-3.37347188e+09
-7.34877573e+08,-7.34877573e+08
-3.61477978e+09,-3.61477978e+09
-3.25528004e+09,-3.25528004e+09
-2.90388829e+09,-2.90388829e+09
-7.39794053e+08,-7.39794053e+08
-1.93194637e+09,-1.93194637e+09
-2.95421994e+09,-2.95421994e+09
-2.99146919e+09,-2.99146919e+09
-3.43777321e+09,-3.43777321e+09
-3.19988132e+08,-3.19988132e+08
-2.04833396e+09,-2.04833396e+09
-2.48323085e+09,-2.48323085e+09
-1.40130676e+09,-1.40130676e+09
-2.00502132e+09,-2.00502132e+09
-3.02246106e+09,-3.02246106e+09
-2.27739841e+09,-2.27739841e+09
-3.01571890e+07,-3.01571890e+07
-1.43234295e+09,-1.43234295e+09
-1.18910759e+09,-1.18910759e+09
-1.71594202e+09,-1.71594202e+09
-3.61781125e+08,-3.61781125e+08
-3.43448589e+09,-3.43448589e+09
-1.10201025e+09,-1.10201025e+09
-2.97099716e+09,-2.97099716e+09
-1.15881383e+09,-1.15881383e+09
-2.41106983e+09,-2.41106983e+09
-3.84080909e+09,-3.84080909e+09
-4.05984653e+09,-4.05984653e+09
-1.44777818e+09,-1.44777818e+09
-1.14060020e+09,-1.14060020e+09
-1.45996788e+09,-1.45996788e+09
-3.00455159e+09,-3.00455159e+09
-2.68083802e+09,-2.68083802e+09
-5.27702149e+08,-5.27702149e+08
-3.89193383e+09,-3.89193383e+09
-2.91344426e+09,-2.91344426e+09
-4.11114509e+09,-4.11114509e+09
-3.46010458e+09,-3.46010458e+09
-1.71435764e+09,-1.71435764e+09
-2.06761767e+09,-2.06761767e+09
-3.69046149e+08,-3.69046149e+08
-2.89027495e+09,-2.89027495e+09
-2.06944295e+09,-2.06944295e+09
-9.68846130e+07,-9.68846130e+07
-1.28674983e+09,-1.28674983e+09
-6.91820421e+08,-6.91820421e+08
-4.10591834e+09,-4.10591834e+09
-2.91603060e+09,-2.91603060e+09
-3.76649562e+09,-3.76649562e+09
-2.97099716e+09,-2.97099716e+09
-1.23189313e+09,-1.23189313e+09
-1.97585114e+09,-1.97585114e+09
-3.83052967e+09,-3.83052967e+09
-3.54078324e+09,-3.54078324e+09
-3.00968820e+09,-3.00968820e+09
-9.69234309e+08,-9.69234309e+08
-1.19933121e+09,-1.19933121e+09
-1.40051060e+09,-1.40051060e+09
-3.29686029e+09,-3.29686029e+09
-3.85797953e+09,-3.85797953e+09
-1.02604455e+09,-1.02604455e+09
-1.73800650e+08,-1.73800650e+08
-1.24072897e+09,-1.24072897e+09
-8.27807621e+08,-8.27807621e+08
-9.02078884e+08,-9.02078884e+08
-5.13653777e+08,-5.13653777e+08
-3.95454916e+09,-3.95454916e+09
-2.10698629e+08,-2.10698629e+08
-2.04315661e+09,-2.04315661e+09
-4.01908314e+09,-4.01908314e+09
-1.61823170e+09,-1.61823170e+09
-2.30465956e+08,-2.30465956e+08
-3.00455159e+09,-3.00455159e+09
-3.77992615e+09,-3.77992615e+09
-3.56570023e+09,-3.56570023e+09
-3.70666330e+09,-3.70666330e+09
-3.19460599e+09,-3.19460599e+09
-2.01990337e+09,-2.01990337e+09
-3.65043828e+09,-3.65043828e+09
-1.97149533e+09,-1.97149533e+09
-3.14678285e+09,-3.14678285e+09
-3.41235085e+09,-3.41235085e+09
-4.18042330e+09,-4.18042330e+09
-8.38977330e+07,-8.38977330e+07
-2.62694214e+09,-2.62694214e+09
-1.96215412e+09,-1.96215412e+09
-4.56761764e+08,-4.56761764e+08
-3.02031450e+09,-3.02031450e+09
-2.95421994e+09,-2.95421994e+09
-7.83233669e+08,-7.83233669e+08
-1.02820724e+09,-1.02820724e+09
