lat,lng,count
-96.805,32.7767,1
-79.523,8.9948,1
-96.805,32.7767,1
-122.3414,47.6034,1
14.5045,50.0804,2
31.223,30.0355,2
105.8516,21.0313,2
121.476,31.242,3
79.0,22.0,3
17.0379,48.1833,3
139.6895,35.6897,4
21.0362,52.2394,6
37.6068,55.7386,8
-79.3716,43.6319,18
113.722,34.7732,20
113.722,34.7732,20
113.722,34.7732,20
-0.1224,51.4964,22
-97.822,37.751,59
-97.822,37.751,59
-97.822,37.751,59
-97.822,37.751,59
-97.822,37.751,59
-97.822,37.751,59
-97.822,37.751,59
-97.822,37.751,59
-97.822,37.751,59
-97.822,37.751,59
-97.822,37.751,59
