-3.35233891494
-1.98787787811
-2.33170439071
-2.79361809836
-2.7554039762
-3.91359390812
-2.34986794226
-1.44544199638
-1.00544449973
-1.63608878328
-3.39756836663
-0.0640673644499
-2.43474374641
-0.679281570893
-4.36485977709
-2.09251138493
-2.01053224751
-3.54429176651
-1.74790006394
-1.15439242534
-2.4081775236
-2.39413837147
-1.83435867499
-2.34367243568
-1.21096503854
-1.95749292262
0.0712191546281
0.703950099954
-1.71445472438
-1.51482934364
-2.5304424753
-1.98300071781
-3.14317822633
-1.30830707004
-2.85456246948
-1.12054798204
-2.19956726654
-2.00197726908
-2.3755873008
-1.40777773164
0.152986205354
-3.79429973614
-2.85197756298
-4.45763145155
-2.5548350848
-2.61949058142
-1.13279813876
-2.42312301773
-4.11379098513
-2.65778405403
-1.6955233118
-2.23408339238
-3.7129283974
-2.97120992355
-3.31320205449
-3.20713524227
-1.45001452047
-2.06870359893
-2.51552047462
-1.76384180605
-1.56569778565
-1.79150698762
-1.59852957328
-0.542852221072
-3.21796452117
-2.85681938628
-2.09094625524
-2.43404295813
-3.11898705704
-2.38100214932
-3.30659656962
-1.98113036617
-1.29307845903
-0.179013542474
-1.57248790957
-2.32647955003
-0.650217908207
-2.85471925847
-2.62912566014
-2.00660547957
-2.23884145022
-1.63731244539
-2.96414140491
-2.03151463544
-0.988553532883
-1.41691116218
-0.418045509493
-1.72977039875
-1.75779211543
-2.56578468682
-1.50649107451
-0.231626479537
-3.48280887606
-2.68222569422
-2.15369934062
-3.26906003323
-2.68911025517
-2.66844159545
-1.45018627056
0.0430770526529
-1.88902117296
-1.77716314969
-2.86562102179
-1.67294219628
-3.17301288043
-1.45385922579
-1.82962255982
-1.73287850384
-1.29698308342
-3.49902772036
-3.86801391407
-1.71558515204
-2.55436770366
-1.96686361292
-3.41980750408
-1.16363269102
-0.580295932389
-2.23294217003
-2.12717988353
-2.79483837396
-2.48067161188
-2.90749709601
-1.49737378373
-4.45146084408
-2.00447690252
-1.40648698355
-2.29508349153
0.148053260382
-1.11068306012
-2.74361454414
-1.20942934656
-0.531571069001
-2.90617535654
-2.3213277716
-1.21363035702
-3.39342703616
-2.21194194282
-2.42801672794
-2.80835615184
-3.05902782987
-1.11313859739
-1.68793717596
-0.283048608224
-1.78428783654
-3.24932371477
-2.30034748527
-4.02369318713
-3.5194525645
-2.33643547748
-2.63691068662
-3.26331292587
-1.69891391586
-2.09271609573
-1.27788660243
-1.48498675571
-2.11975550162
-0.318258041893
-1.69646444429
-2.380974747
-2.48408604823
-2.45858425172
-2.48828020995
-2.43519689788
-0.516159851428
-2.20151029362
-1.34063327771
-3.18273360713
-3.033412638
-2.09590982252
-0.819299932381
-3.42464607935
-1.55415641005
-0.961249553058
-1.72588608447
-0.749024674872
-2.47979250716
-1.68297163968
-2.83555719199
-2.17905586796
-0.830859067578
-1.70956301392
-1.11929369078
-1.49080805761
-2.2616220322
-1.80457389092
-1.96558860901
-1.44297517105
-2.35169678797
-1.16006475879
-3.44611831876
-3.35241798879
-2.55188451487
-2.28258703573
-2.49025177936
-0.521514309386
-1.50653348793
-2.3086358044
-2.07002481206
-3.37873389555
-1.82902302075
-3.05838904519
-2.32305793043
-1.05615149392
-2.25329432758
-1.65117105312
-3.32663630849
-1.67283925969
-1.7940425253
-1.35753921828
-2.44449209437
-1.12626209562
-2.33721702128
-1.75759463819
-2.18112923933
-2.62986332784
-1.29604248766
-3.32668826368
-0.469129967339
-2.96436443751
-1.78777313609
-2.72816018529
-1.10719189396
-2.57587732707
-2.91763960291
-3.84436669945
-4.14775424759
-1.98247618726
-3.56476023371
-0.36191784293
-4.06850579383
-2.41704449121
-1.66131932607
-0.91419198823
-0.878153705244
-2.71552443337
-3.64443104649
-1.37765390818
-4.06315021734
-3.17226793545
-2.49800391003
-2.12224973113
-2.58575696348
-2.34304633068
-1.95622243471
-2.75714792312
-1.2538844097
-1.74584880942
-0.996636102239
-1.43767822217
-0.297339291272
2.70904142581
3.23779674128
4.2296476529
3.26549882933
4.18690342514
3.59983248814
5.29988991022
2.54399112266
2.38284401155
2.0036446217
2.83090993679
5.54674306797
4.39202585952
2.69473576751
3.66826703544
2.65016806797
3.42919538543
3.47084704531
4.03423521817
2.31399617454
0.982651197772
2.7982690341
4.12831551269
3.05102082236
3.74114195009
3.18966170841
4.62699574035
4.13024197109
3.05691750059
4.48951248941
2.4008707955
3.08134466982
2.98659148311
3.52627777572
4.38563919993
2.31179403198
2.77572226869
3.01480873277
2.73901429747
4.20502245428
4.49462436438
3.21469268698
3.97163154263
3.01171720541
4.95470318422
4.45402732448
3.11849782411
2.42764198464
3.79869101824
2.63596101032
5.06154957495
3.42765851586
4.22562718821
3.46598583053
5.30958510123
4.18739284883
4.01047838109
2.89611667607
4.02647865143
4.1904359429
4.07680294155
3.9174069919
3.85238077317
3.09610281433
5.61879304909
2.45186647858
1.5833947974
3.44084974413
2.69478368804
2.75457692582
4.4250490839
2.7407647823
4.95042471783
5.28201312228
3.4423032369
1.61798674816
3.52399989359
4.40195458775
1.99959636688
4.60826905412
4.75782908124
3.57524155432
3.92746774535
2.6503522424
5.20194674175
3.29318526804
3.59302690849
4.37726277831
3.54650921083
4.2926318578
3.89469857724
3.42065581289
2.99723569008
2.67054759475
3.9399696996
4.33942741151
4.27277487848
2.02296677353
1.64085670985
2.68702497921
4.46978673873
2.12930053863
2.09982715607
2.55951891841
4.96052955071
3.39655841853
1.5595605745
3.67510841607
3.94770126029
4.59141516251
4.02794114588
3.43093034677
3.48813160427
4.35927340171
4.86916442353
2.236268306
2.37647181869
2.69750562645
4.00804963829
4.37183863647
5.32213613624
3.41137512246
3.76572181052
3.70141330351
5.24135888314
4.13637190509
3.20657141822
3.84820247465
4.55799502343
3.60551448475
2.31088761608
1.59666606602
2.97070542739
4.01507805864
2.77727110797
3.5774393227
3.66102074832
1.97995682132
3.56307430832
4.08070337494
2.82786610941
2.82207656868
4.6098077501
1.58424498556
3.17877480102
3.71163620451
4.94319554058
2.42384574177
2.7766311466
4.48313104327
3.7732679872
3.0348107801
4.12007020428
3.22704750396
3.89352591366
4.14164054852
1.99217464231
3.59576774698
3.0307907176
1.946928386
5.20042879692
5.18449517277
2.00823352725
1.77791704294
4.29167836631
3.67203304413
5.18462091248
3.30235763421
4.49488837001
4.6722182392
3.56993391007
1.71802470453
2.80407806144
1.56260420843
2.58389707213
4.16590115114
3.92054937309
2.45421375538
2.68776121748
5.68188199805
1.54372397371
4.13105810454
2.99164474911
2.9742889889
2.39733688701
5.4351009511
3.58080636057
4.33400970844
2.73246678283
4.66270280729
3.95017111711
4.83062523279
2.48170610391
3.29191769763
2.673263759
4.01710665229
2.44365443302
2.8828557847
3.32307769932
3.62754481765
2.81605894298
6.03519371212
4.76775816145
3.50233695092
4.31573840009
4.65893530357
4.87599093887
2.34068987644
2.63006530828
3.6094512498
1.4104137038
4.56944588614
2.02980792909
4.65308561637
4.03318579808
3.96405910548
4.52800534937
2.71426171132
4.63374259464
2.14895781922
2.46186511249
3.20000411598
4.81521577426
3.39717075085
2.91208913766
4.75721136314
4.15263866038
3.48576672482
3.21742519424
4.98661541334
2.99242350773
3.82849342731
3.2391869454
2.90889643295
3.22889986529
2.64295980176
3.27445190094
4.77439643936
3.81642526044
5.16135563469
3.98340168031
5.28473080125
3.62424143226
3.70107774049
3.10680830789
2.78035085303
3.79707843253
4.3380772923
2.5980132441
4.49479236637
